t/s,1AO6-P1,2A73-P2,3GHG-P3,3K2S-P4,1HZH-P5,total,total_coverage
0.0 0.0 0.0 0.0 0.0 0.0 0.0 0.0
0.1 0.0 1.7 0.2 5.3 1.1 8.3 0.3604548357906022
0.2 0.0 1.9 0.1 7.8 1.1 10.9 0.44802016165805714
0.30000000000000004 0.0 1.6 0.0 9.1 1.3 12.0 0.47393217781978747
0.4 0.1 1.8 0.1 9.3 1.8 13.1 0.5121925772581539
0.5 0.1 1.9 0.1 10.2 1.7 14.0 0.5313208754038516
0.6000000000000001 0.0 2.2 0.1 10.3 1.9 14.5 0.5421832147856633
0.7000000000000001 0.0 2.5 0.1 10.6 2.0 15.2 0.5540753304681099
0.8 0.0 2.9 0.1 10.6 2.0 15.6 0.5774923903885185
0.9 0.0 3.2 0.2 10.9 1.9 16.2 0.6011864163476442
1.0 0.1 3.2 0.2 10.9 1.9 16.3 0.6021702738540651
1.1 0.2 3.4 0.2 11.1 2.0 16.9 0.618484875201423
1.2000000000000002 0.2 3.4 0.2 11.2 1.8 16.8 0.6154478268260921
1.3 0.2 3.6 0.2 11.3 1.8 17.1 0.6220229105246393
1.4000000000000001 0.2 3.6 0.2 11.4 1.7 17.1 0.6228887253924646
1.5 0.2 3.6 0.2 11.9 1.6 17.5 0.6421565404494671
1.6 0.2 3.8 0.2 11.9 1.6 17.7 0.6437453828665612
1.7000000000000002 0.2 3.7 0.2 12.0 1.6 17.7 0.6432937884381079
1.8 0.2 3.8 0.2 12.1 1.6 17.9 0.6451656233676538
1.9000000000000001 0.2 3.9 0.2 12.4 1.5 18.2 0.654822423117906
2.0 0.2 3.8 0.2 12.4 1.5 18.1 0.6520777305234937
2.1 0.2 3.6 0.1 12.9 1.3 18.1 0.6498893513278563
2.2 0.2 3.7 0.1 13.0 1.2 18.2 0.6524513097791551
2.3000000000000003 0.2 3.7 0.1 13.1 1.2 18.3 0.6557142773792142
2.4000000000000004 0.2 3.8 0.1 13.1 1.2 18.4 0.6599770145052452
2.5 0.3 3.8 0.1 13.2 1.2 18.6 0.6654987936217278
2.6 0.3 4.0 0.1 13.1 1.2 18.7 0.6685742408299451
2.7 0.3 4.1 0.1 13.1 1.2 18.8 0.6707004481932849
2.8000000000000003 0.3 4.2 0.2 13.1 1.2 19.0 0.6782816120322959
2.9000000000000004 0.3 4.3 0.2 13.1 1.2 19.1 0.6779165089325337
3.0 0.3 4.4 0.2 13.1 1.2 19.2 0.6730964744499499
3.1 0.3 4.3 0.2 13.2 1.2 19.2 0.6721984466101032
3.2 0.3 4.2 0.2 13.3 1.3 19.3 0.6747502484756416
3.3000000000000003 0.3 4.3 0.2 13.5 1.3 19.6 0.679126485189264
3.4000000000000004 0.3 4.1 0.2 13.5 1.4 19.5 0.6750253557108762
3.5 0.3 4.2 0.2 13.7 1.3 19.7 0.6818499069878559
3.6 0.3 4.2 0.2 13.8 1.4 19.9 0.6915930739855025
3.7 0.3 4.2 0.2 14.0 1.3 20.0 0.6949689112551496
3.8000000000000003 0.3 4.2 0.2 14.2 1.2 20.1 0.6942021930965193
3.9000000000000004 0.4 4.2 0.2 14.2 1.3 20.3 0.6986364974871663
4.0 0.4 4.1 0.2 14.2 1.4 20.3 0.6966305870802325
4.1000000000000005 0.4 4.1 0.2 14.2 1.4 20.3 0.6958118420201868
4.2 0.4 4.1 0.2 14.1 1.5 20.3 0.7015422158919234
4.3 0.4 4.1 0.2 14.3 1.5 20.5 0.71099444118929
4.4 0.4 4.1 0.2 14.3 1.5 20.5 0.7104101142755299
4.5 0.5 4.1 0.2 14.6 1.5 20.9 0.7180425760206108
4.6000000000000005 0.5 4.2 0.2 14.6 1.2 20.7 0.7106172441138906
4.7 0.4 4.2 0.2 14.6 1.2 20.6 0.7080766626427514
4.800000000000001 0.4 4.3 0.2 14.7 1.2 20.8 0.712760440047314
4.9 0.4 4.2 0.2 14.8 1.2 20.8 0.7122479249692718
5.0 0.4 4.4 0.2 14.8 1.3 21.1 0.7207475668473537
5.1000000000000005 0.4 4.4 0.2 14.9 1.3 21.2 0.7229588521838093
5.2 0.4 4.3 0.2 14.8 1.3 21.0 0.7179985081760962
5.300000000000001 0.4 4.3 0.2 14.8 1.3 21.0 0.7179985081760962
5.4 0.4 4.4 0.2 14.8 1.3 21.1 0.7203241203423054
5.5 0.4 4.4 0.2 14.9 1.3 21.2 0.7230588506836981
5.6000000000000005 0.4 4.4 0.2 14.9 1.3 21.2 0.7230588506836981
5.7 0.4 4.5 0.2 14.9 1.3 21.3 0.72517637640643
5.800000000000001 0.4 4.5 0.1 15.0 1.3 21.3 0.7180485497115701
5.9 0.4 4.6 0.1 15.0 1.4 21.5 0.7232973434727543
6.0 0.4 4.7 0.1 15.1 1.4 21.7 0.7267695721780383
6.1000000000000005 0.4 4.7 0.1 15.1 1.4 21.7 0.7267695721780383
6.2 0.4 4.7 0.1 15.1 1.4 21.7 0.7267695721780383
6.300000000000001 0.4 4.8 0.1 15.1 1.4 21.8 0.7287450360270075
6.4 0.4 4.8 0.1 15.1 1.4 21.8 0.7287450360270075
6.5 0.4 4.8 0.1 15.1 1.4 21.8 0.7287450360270075
6.6000000000000005 0.4 5.2 0.1 15.1 1.4 22.2 0.7368561012950924
6.7 0.4 5.2 0.1 15.1 1.4 22.2 0.7368561012950924
6.800000000000001 0.4 5.2 0.1 15.1 1.4 22.2 0.7368561012950924
6.9 0.4 5.2 0.1 15.1 1.4 22.2 0.7368561012950924
7.0 0.5 5.2 0.1 15.1 1.4 22.3 0.7391503650717317
7.1000000000000005 0.5 5.2 0.1 15.1 1.4 22.3 0.7391503650717317
7.2 0.6 5.2 0.1 15.1 1.4 22.4 0.7416293807529326
7.300000000000001 0.6 5.2 0.1 15.1 1.5 22.5 0.7440345075412609
7.4 0.6 5.2 0.1 15.1 1.5 22.5 0.7440345075412609
7.5 0.6 5.2 0.1 15.1 1.5 22.5 0.7440345075412609
7.6000000000000005 0.4 5.2 0.1 15.1 1.5 22.3 0.7392612280834204
7.7 0.4 5.2 0.1 15.1 1.5 22.3 0.7392612280834204
7.800000000000001 0.4 5.2 0.1 15.1 1.5 22.3 0.7392612280834204
7.9 0.4 5.2 0.1 15.0 1.5 22.2 0.7374819284063882
8.0 0.4 5.2 0.1 15.0 1.5 22.2 0.7374819284063882
8.1 0.4 5.2 0.1 15.0 1.5 22.2 0.7374819284063882
8.200000000000001 0.4 5.2 0.1 15.1 1.5 22.3 0.7396772476457556
8.3 0.4 5.2 0.1 15.1 1.5 22.3 0.7396772476457556
8.4 0.4 5.2 0.1 15.1 1.5 22.3 0.7396772476457556
8.5 0.4 5.2 0.1 15.1 1.5 22.3 0.7396772476457556
8.6 0.4 5.2 0.1 15.1 1.5 22.3 0.7396772476457556
8.700000000000001 0.4 5.2 0.1 15.1 1.5 22.3 0.7396772476457556
8.8 0.4 5.2 0.1 15.1 1.5 22.3 0.7396772476457556
8.9 0.4 5.2 0.1 15.1 1.5 22.3 0.7396772476457556
9.0 0.4 5.2 0.1 15.1 1.5 22.3 0.7396772476457556
9.1 0.4 5.2 0.1 15.2 1.5 22.4 0.7421219257178886
9.200000000000001 0.4 5.2 0.1 15.2 1.5 22.4 0.7421219257178886
9.3 0.4 5.3 0.1 15.2 1.5 22.5 0.7440617586610058
9.4 0.4 5.3 0.1 15.2 1.4 22.4 0.7406556711828076
9.5 0.4 5.3 0.1 15.2 1.4 22.4 0.7406556711828076
9.600000000000001 0.4 5.3 0.1 15.2 1.4 22.4 0.7406556711828076
9.700000000000001 0.4 5.3 0.1 15.2 1.4 22.4 0.7406556711828076
9.8 0.5 5.3 0.1 15.2 1.4 22.5 0.7437009938668891
9.9 0.5 5.3 0.1 15.2 1.4 22.5 0.7437009938668891
10.0 0.5 5.3 0.1 15.2 1.4 22.5 0.7437009938668891
10.100000000000001 0.5 5.3 0.1 15.2 1.4 22.5 0.7437009938668891
10.200000000000001 0.5 5.3 0.1 15.3 1.4 22.6 0.7454287901832968
10.3 0.5 5.3 0.1 15.3 1.4 22.6 0.7454287901832968
10.4 0.5 5.3 0.1 15.3 1.4 22.6 0.7454287901832968
10.5 0.5 5.3 0.1 15.3 1.4 22.6 0.7454287901832968
10.600000000000001 0.4 5.3 0.1 15.3 1.4 22.5 0.7423834674992152
10.700000000000001 0.4 5.3 0.1 15.3 1.4 22.5 0.7423834674992152
10.8 0.4 5.3 0.1 15.3 1.4 22.5 0.7423834674992152
10.9 0.4 5.3 0.1 15.3 1.4 22.5 0.7423834674992152
11.0 0.4 5.3 0.1 15.3 1.4 22.5 0.7423834674992152
11.100000000000001 0.4 5.3 0.1 15.3 1.4 22.5 0.7423834674992152
11.200000000000001 0.4 5.3 0.1 15.3 1.4 22.5 0.7423834674992152
11.3 0.4 5.3 0.1 15.3 1.4 22.5 0.7423834674992152
11.4 0.4 5.3 0.1 15.3 1.4 22.5 0.7423834674992152
11.5 0.4 5.3 0.1 15.3 1.4 22.5 0.7423834674992152
11.600000000000001 0.4 5.3 0.1 15.3 1.4 22.5 0.7423834674992152
11.700000000000001 0.4 5.3 0.1 15.3 1.4 22.5 0.7423834674992152
11.8 0.4 5.4 0.1 15.3 1.5 22.7 0.7468233179387487
11.9 0.4 5.4 0.1 15.3 1.5 22.7 0.7468233179387487
12.0 0.4 5.4 0.1 15.3 1.5 22.7 0.7468233179387487
12.100000000000001 0.4 5.4 0.1 15.3 1.5 22.7 0.7468233179387487
12.200000000000001 0.4 5.4 0.1 15.3 1.5 22.7 0.7468233179387487
12.3 0.4 5.4 0.1 15.3 1.5 22.7 0.7468233179387487
12.4 0.4 5.3 0.1 15.4 1.5 22.7 0.7474388789089684
12.5 0.4 5.3 0.1 15.4 1.5 22.7 0.7474388789089684
12.600000000000001 0.4 5.3 0.1 15.4 1.5 22.7 0.7474388789089684
12.700000000000001 0.4 5.3 0.1 15.4 1.5 22.7 0.7474388789089684
12.8 0.4 5.3 0.1 15.4 1.5 22.7 0.7474388789089684
12.9 0.4 5.2 0.1 15.4 1.5 22.6 0.7449138541078253
13.0 0.4 5.2 0.1 15.4 1.5 22.6 0.7449138541078253
13.100000000000001 0.4 5.2 0.1 15.4 1.5 22.6 0.7449138541078253
13.200000000000001 0.4 5.2 0.1 15.4 1.5 22.6 0.7449138541078253
13.3 0.4 5.2 0.1 15.4 1.5 22.6 0.7449138541078253
13.4 0.4 5.3 0.1 15.4 1.5 22.7 0.7469716212834455
13.5 0.4 5.4 0.1 15.4 1.5 22.8 0.7489773791334995
13.600000000000001 0.4 5.4 0.1 15.4 1.5 22.8 0.7489773791334995
13.700000000000001 0.4 5.4 0.1 15.4 1.5 22.8 0.7489773791334995
13.8 0.4 5.4 0.1 15.4 1.5 22.8 0.7489773791334995
13.9 0.4 5.4 0.1 15.4 1.5 22.8 0.7489773791334995
14.0 0.4 5.5 0.1 15.5 1.5 23.0 0.7543317238476897
14.100000000000001 0.4 5.5 0.2 15.5 1.5 23.1 0.7563924377785789
14.200000000000001 0.4 5.5 0.2 15.5 1.5 23.1 0.7563924377785789
14.3 0.4 5.5 0.2 15.5 1.5 23.1 0.7563924377785789
14.4 0.4 5.5 0.2 15.5 1.5 23.1 0.7563924377785789
14.5 0.4 5.5 0.2 15.5 1.5 23.1 0.7563924377785789
14.600000000000001 0.4 5.5 0.2 15.5 1.5 23.1 0.7563924377785789
14.700000000000001 0.4 5.5 0.2 15.5 1.5 23.1 0.7563924377785789
14.8 0.4 5.5 0.2 15.5 1.5 23.1 0.7563924377785789
14.9 0.3 5.5 0.2 15.5 1.5 23.0 0.7539134220973781
15.0 0.3 5.5 0.2 15.5 1.5 23.0 0.7539134220973781
15.100000000000001 0.3 5.5 0.2 15.5 1.5 23.0 0.7539134220973781
15.200000000000001 0.3 5.5 0.2 15.5 1.5 23.0 0.7539134220973781
15.3 0.3 5.5 0.2 15.5 1.5 23.0 0.7539134220973781
15.4 0.3 5.6 0.2 15.5 1.5 23.1 0.7554316192270579
15.5 0.3 5.5 0.2 15.5 1.5 23.0 0.7539134220973781
15.600000000000001 0.3 5.5 0.2 15.5 1.6 23.1 0.7563881212793951
15.700000000000001 0.3 5.4 0.2 15.5 1.6 23.0 0.7536727002804579
15.8 0.3 5.4 0.2 15.5 1.6 23.0 0.7536727002804579
15.9 0.3 5.4 0.2 15.5 1.5 22.9 0.7511980010984408
16.0 0.3 5.4 0.2 15.5 1.5 22.9 0.7511980010984408
16.1 0.3 5.4 0.2 15.5 1.5 22.9 0.7511980010984408
16.2 0.3 5.4 0.2 15.5 1.5 22.9 0.7511980010984408
16.3 0.3 5.4 0.2 15.5 1.5 22.9 0.7511980010984408
16.400000000000002 0.3 5.4 0.2 15.6 1.5 23.0 0.7538177332821683
16.5 0.3 5.4 0.2 15.6 1.5 23.0 0.7538177332821683
16.6 0.3 5.4 0.2 15.6 1.5 23.0 0.7538177332821683
16.7 0.3 5.4 0.2 15.6 1.5 23.0 0.7538177332821683
16.8 0.3 5.4 0.2 15.7 1.5 23.1 0.7579070444801546
16.900000000000002 0.3 5.4 0.2 15.7 1.5 23.1 0.7579070444801546
17.0 0.3 5.4 0.2 15.7 1.5 23.1 0.7579070444801546
17.1 0.3 5.4 0.2 15.7 1.5 23.1 0.7579070444801546
17.2 0.3 5.4 0.2 15.7 1.5 23.1 0.7579070444801546
17.3 0.3 5.4 0.2 15.7 1.5 23.1 0.7579070444801546
17.400000000000002 0.3 5.4 0.2 15.7 1.5 23.1 0.7579070444801546
17.5 0.3 5.4 0.2 15.7 1.5 23.1 0.7579070444801546
17.6 0.3 5.4 0.3 15.7 1.5 23.2 0.7610213234527827
17.7 0.3 5.4 0.3 15.7 1.5 23.2 0.7610213234527827
17.8 0.3 5.4 0.3 15.7 1.5 23.2 0.7610213234527827
17.900000000000002 0.3 5.4 0.3 15.7 1.5 23.2 0.7610213234527827
18.0 0.3 5.5 0.3 15.7 1.5 23.3 0.7631475308161224
18.1 0.3 5.5 0.3 15.7 1.5 23.3 0.7631475308161224
18.2 0.3 5.5 0.3 15.7 1.5 23.3 0.7631475308161224
18.3 0.3 5.5 0.3 15.7 1.5 23.3 0.7631475308161224
18.400000000000002 0.3 5.5 0.3 15.6 1.5 23.2 0.7594310204188739
18.5 0.3 5.5 0.3 15.6 1.5 23.2 0.7594310204188739
18.6 0.3 5.5 0.3 15.6 1.5 23.2 0.7594310204188739
18.7 0.3 5.5 0.3 15.6 1.5 23.2 0.7594310204188739
18.8 0.3 5.5 0.3 15.6 1.5 23.2 0.7594310204188739
18.900000000000002 0.3 5.5 0.3 15.6 1.5 23.2 0.7594310204188739
19.0 0.3 5.5 0.3 15.6 1.5 23.2 0.7594310204188739
19.1 0.3 5.5 0.3 15.6 1.5 23.2 0.7594310204188739
19.200000000000003 0.3 5.5 0.3 15.6 1.5 23.2 0.7594310204188739
19.3 0.3 5.5 0.3 15.6 1.5 23.2 0.7594310204188739
19.400000000000002 0.3 5.5 0.3 15.6 1.5 23.2 0.7594310204188739
19.5 0.3 5.5 0.3 15.6 1.5 23.2 0.7594310204188739
19.6 0.3 5.5 0.3 15.6 1.5 23.2 0.7594310204188739
19.700000000000003 0.3 5.5 0.3 15.6 1.5 23.2 0.7594310204188739
19.8 0.3 5.5 0.3 15.6 1.5 23.2 0.7594310204188739
19.900000000000002 0.3 5.5 0.3 15.6 1.5 23.2 0.7594310204188739
20.0 0.3 5.5 0.3 15.6 1.5 23.2 0.7594310204188739
20.1 0.3 5.5 0.3 15.6 1.5 23.2 0.7594310204188739
20.200000000000003 0.3 5.5 0.3 15.6 1.5 23.2 0.7594310204188739
20.3 0.3 5.5 0.3 15.6 1.5 23.2 0.7594310204188739
20.400000000000002 0.3 5.5 0.3 15.6 1.5 23.2 0.7594310204188739
20.5 0.3 5.5 0.3 15.6 1.5 23.2 0.7594310204188739
20.6 0.3 5.5 0.3 15.6 1.5 23.2 0.7594310204188739
20.700000000000003 0.3 5.5 0.3 15.6 1.5 23.2 0.7594310204188739
20.8 0.3 5.5 0.3 15.6 1.5 23.2 0.7594310204188739
20.900000000000002 0.3 5.5 0.3 15.6 1.5 23.2 0.7594310204188739
21.0 0.3 5.5 0.3 15.6 1.5 23.2 0.7594310204188739
21.1 0.3 5.5 0.3 15.6 1.5 23.2 0.7594310204188739
21.200000000000003 0.3 5.5 0.3 15.6 1.5 23.2 0.7594310204188739
21.3 0.3 5.5 0.3 15.6 1.5 23.2 0.7594310204188739
21.400000000000002 0.3 5.5 0.3 15.6 1.5 23.2 0.7594310204188739
21.5 0.3 5.5 0.3 15.6 1.5 23.2 0.7594310204188739
21.6 0.3 5.5 0.3 15.6 1.5 23.2 0.7594310204188739
21.700000000000003 0.3 5.5 0.3 15.6 1.5 23.2 0.7594310204188739
21.8 0.3 5.5 0.3 15.6 1.5 23.2 0.7594310204188739
21.900000000000002 0.3 5.5 0.3 15.6 1.5 23.2 0.7594310204188739
22.0 0.3 5.5 0.3 15.6 1.5 23.2 0.7594310204188739
22.1 0.3 5.5 0.3 15.6 1.5 23.2 0.7594310204188739
22.200000000000003 0.3 5.5 0.3 15.6 1.5 23.2 0.7594310204188739
22.3 0.3 5.5 0.3 15.6 1.5 23.2 0.7594310204188739
22.400000000000002 0.3 5.5 0.3 15.6 1.5 23.2 0.7594310204188739
22.5 0.3 5.5 0.3 15.6 1.5 23.2 0.7594310204188739
22.6 0.3 5.5 0.3 15.6 1.5 23.2 0.7594310204188739
22.700000000000003 0.3 5.5 0.3 15.6 1.5 23.2 0.7594310204188739
22.8 0.3 5.5 0.3 15.7 1.5 23.3 0.7617605510943188
22.900000000000002 0.3 5.5 0.3 15.7 1.5 23.3 0.7617605510943188
23.0 0.3 5.5 0.3 15.7 1.5 23.3 0.7617605510943188
23.1 0.3 5.5 0.3 15.7 1.5 23.3 0.7617605510943188
23.200000000000003 0.3 5.5 0.3 15.7 1.5 23.3 0.7617605510943188
23.3 0.3 5.5 0.3 15.7 1.5 23.3 0.7617605510943188
23.400000000000002 0.3 5.5 0.3 15.7 1.5 23.3 0.7617605510943188
23.5 0.3 5.5 0.3 15.7 1.5 23.3 0.7617605510943188
23.6 0.3 5.5 0.3 15.7 1.5 23.3 0.7617605510943188
23.700000000000003 0.3 5.5 0.3 15.7 1.5 23.3 0.7617605510943188
23.8 0.3 5.5 0.3 15.7 1.5 23.3 0.7617605510943188
23.900000000000002 0.3 5.5 0.3 15.7 1.5 23.3 0.7617605510943188
24.0 0.3 5.5 0.3 15.7 1.5 23.3 0.7617605510943188
24.1 0.3 5.5 0.3 15.7 1.5 23.3 0.7617605510943188
24.200000000000003 0.3 5.5 0.3 15.7 1.5 23.3 0.7617605510943188
24.3 0.3 5.5 0.3 15.7 1.5 23.3 0.7617605510943188
24.400000000000002 0.3 5.5 0.3 15.7 1.5 23.3 0.7617605510943188
24.5 0.3 5.5 0.3 15.7 1.5 23.3 0.7617605510943188
24.6 0.3 5.5 0.3 15.7 1.5 23.3 0.7617605510943188
24.700000000000003 0.3 5.5 0.3 15.7 1.5 23.3 0.7617605510943188
24.8 0.3 5.5 0.3 15.7 1.5 23.3 0.7617605510943188
24.900000000000002 0.3 5.5 0.3 15.7 1.5 23.3 0.7617605510943188
25.0 0.3 5.5 0.3 15.7 1.5 23.3 0.7617605510943188
25.1 0.3 5.5 0.3 15.7 1.5 23.3 0.7617605510943188
25.200000000000003 0.3 5.5 0.3 15.7 1.5 23.3 0.7617605510943188
25.3 0.3 5.5 0.3 15.7 1.5 23.3 0.7617605510943188
25.400000000000002 0.3 5.5 0.3 15.7 1.5 23.3 0.7617605510943188
25.5 0.3 5.5 0.3 15.7 1.5 23.3 0.7617605510943188
25.6 0.3 5.5 0.3 15.7 1.5 23.3 0.7617605510943188
25.700000000000003 0.3 5.5 0.3 15.7 1.5 23.3 0.7617605510943188
25.8 0.3 5.5 0.3 15.7 1.5 23.3 0.7617605510943188
25.900000000000002 0.3 5.5 0.3 15.7 1.5 23.3 0.7617605510943188
26.0 0.3 5.5 0.3 15.7 1.5 23.3 0.7617605510943188
26.1 0.3 5.5 0.3 15.7 1.5 23.3 0.7617605510943188
26.200000000000003 0.3 5.5 0.3 15.7 1.5 23.3 0.7617605510943188
26.3 0.3 5.5 0.3 15.7 1.5 23.3 0.7617605510943188
26.400000000000002 0.3 5.5 0.3 15.7 1.5 23.3 0.7617605510943188
26.5 0.3 5.5 0.3 15.7 1.5 23.3 0.7617605510943188
26.6 0.3 5.5 0.3 15.7 1.5 23.3 0.7617605510943188
26.700000000000003 0.3 5.5 0.3 15.7 1.5 23.3 0.7617605510943188
26.8 0.3 5.5 0.3 15.7 1.5 23.3 0.7617605510943188
26.900000000000002 0.3 5.5 0.3 15.7 1.5 23.3 0.7617605510943188
27.0 0.3 5.5 0.3 15.7 1.5 23.3 0.7617605510943188
27.1 0.3 5.5 0.3 15.7 1.5 23.3 0.7617605510943188
27.200000000000003 0.3 5.5 0.3 15.7 1.5 23.3 0.7617605510943188
27.3 0.3 5.5 0.3 15.7 1.5 23.3 0.7617605510943188
27.400000000000002 0.3 5.5 0.3 15.7 1.5 23.3 0.7617605510943188
27.5 0.3 5.5 0.3 15.7 1.5 23.3 0.7617605510943188
27.6 0.3 5.5 0.3 15.7 1.5 23.3 0.7617605510943188
27.700000000000003 0.3 5.5 0.3 15.7 1.5 23.3 0.7617605510943188
27.8 0.3 5.5 0.3 15.7 1.5 23.3 0.7617605510943188
27.900000000000002 0.3 5.5 0.3 15.7 1.5 23.3 0.7617605510943188
28.0 0.3 5.5 0.3 15.7 1.5 23.3 0.7617605510943188
28.1 0.3 5.5 0.3 15.7 1.5 23.3 0.7617605510943188
28.200000000000003 0.3 5.5 0.3 15.7 1.5 23.3 0.7617605510943188
28.3 0.3 5.5 0.3 15.7 1.5 23.3 0.7617605510943188
28.400000000000002 0.3 5.5 0.3 15.7 1.5 23.3 0.7617605510943188
28.5 0.3 5.5 0.3 15.7 1.5 23.3 0.7617605510943188
28.6 0.3 5.5 0.3 15.7 1.5 23.3 0.7617605510943188
28.700000000000003 0.3 5.5 0.3 15.7 1.5 23.3 0.7617605510943188
28.8 0.3 5.5 0.3 15.7 1.5 23.3 0.7617605510943188
28.900000000000002 0.3 5.5 0.3 15.7 1.5 23.3 0.7617605510943188
29.0 0.3 5.5 0.3 15.7 1.5 23.3 0.7617605510943188
29.1 0.3 5.5 0.3 15.7 1.5 23.3 0.7617605510943188
29.200000000000003 0.3 5.5 0.3 15.7 1.5 23.3 0.7617605510943188
29.3 0.3 5.5 0.3 15.8 1.5 23.4 0.7635291798100692
29.400000000000002 0.3 5.5 0.3 15.8 1.5 23.4 0.7635291798100692
29.5 0.3 5.5 0.3 15.8 1.5 23.4 0.7635291798100692
29.6 0.3 5.5 0.3 15.8 1.5 23.4 0.7635291798100692
29.700000000000003 0.3 5.5 0.3 15.8 1.5 23.4 0.7635291798100692
29.8 0.3 5.5 0.3 15.8 1.5 23.4 0.7635291798100692
29.900000000000002 0.3 5.5 0.3 15.8 1.5 23.4 0.7635291798100692
30.0 0.3 5.5 0.3 15.8 1.5 23.4 0.7635291798100692
30.1 0.3 5.5 0.3 15.8 1.5 23.4 0.7635291798100692
30.200000000000003 0.3 5.5 0.3 15.8 1.5 23.4 0.7635291798100692
30.3 0.3 5.5 0.3 15.8 1.5 23.4 0.7635291798100692
30.400000000000002 0.3 5.5 0.3 15.8 1.5 23.4 0.7635291798100692
30.5 0.3 5.5 0.3 15.8 1.5 23.4 0.7635291798100692
30.6 0.3 5.5 0.3 15.8 1.5 23.4 0.7635291798100692
30.700000000000003 0.3 5.5 0.3 15.8 1.5 23.4 0.7635291798100692
30.8 0.3 5.5 0.3 15.8 1.5 23.4 0.7635291798100692
30.900000000000002 0.3 5.5 0.3 15.8 1.5 23.4 0.7635291798100692
31.0 0.3 5.5 0.3 15.8 1.5 23.4 0.7635291798100692
31.1 0.3 5.5 0.3 15.8 1.5 23.4 0.7635291798100692
31.200000000000003 0.3 5.5 0.3 15.8 1.5 23.4 0.7635291798100692
31.3 0.3 5.5 0.3 15.8 1.5 23.4 0.7635291798100692
31.400000000000002 0.3 5.5 0.3 15.8 1.5 23.4 0.7635291798100692
31.5 0.3 5.5 0.3 15.8 1.5 23.4 0.7635291798100692
31.6 0.3 5.5 0.3 15.8 1.5 23.4 0.7635291798100692
31.700000000000003 0.3 5.5 0.3 15.8 1.5 23.4 0.7635291798100692
31.8 0.3 5.5 0.3 15.8 1.5 23.4 0.7635291798100692
31.900000000000002 0.3 5.5 0.3 15.8 1.5 23.4 0.7635291798100692
32.0 0.3 5.5 0.3 15.8 1.5 23.4 0.7635291798100692
32.1 0.3 5.5 0.3 15.8 1.5 23.4 0.7635291798100692
32.2 0.3 5.5 0.3 15.8 1.5 23.4 0.7635291798100692
32.300000000000004 0.3 5.5 0.3 15.8 1.5 23.4 0.7635291798100692
32.4 0.3 5.5 0.3 15.8 1.5 23.4 0.7635291798100692
32.5 0.3 5.5 0.3 15.8 1.5 23.4 0.7635291798100692
32.6 0.3 5.5 0.3 15.8 1.5 23.4 0.7635291798100692
32.7 0.3 5.5 0.3 15.8 1.5 23.4 0.7635291798100692
32.800000000000004 0.3 5.5 0.3 15.8 1.5 23.4 0.7635291798100692
32.9 0.3 5.5 0.3 15.8 1.5 23.4 0.7635291798100692
33.0 0.3 5.5 0.3 15.8 1.5 23.4 0.7635291798100692
33.1 0.3 5.5 0.3 15.8 1.5 23.4 0.7635291798100692
33.2 0.3 5.5 0.3 15.8 1.5 23.4 0.7635291798100692
33.300000000000004 0.3 5.5 0.3 15.8 1.5 23.4 0.7635291798100692
33.4 0.3 5.5 0.3 15.8 1.5 23.4 0.7635291798100692
33.5 0.3 5.5 0.3 15.8 1.5 23.4 0.7635291798100692
33.6 0.3 5.5 0.3 15.8 1.5 23.4 0.7635291798100692
33.7 0.3 5.5 0.3 15.8 1.5 23.4 0.7635291798100692
33.800000000000004 0.3 5.5 0.3 15.8 1.5 23.4 0.7635291798100692
33.9 0.3 5.5 0.3 15.8 1.5 23.4 0.7635291798100692
34.0 0.3 5.5 0.3 15.8 1.5 23.4 0.7635291798100692
34.1 0.3 5.5 0.3 15.8 1.5 23.4 0.7635291798100692
34.2 0.3 5.5 0.3 15.8 1.5 23.4 0.7635291798100692
34.300000000000004 0.3 5.5 0.3 15.8 1.5 23.4 0.7635291798100692
34.4 0.3 5.5 0.3 15.8 1.5 23.4 0.7635291798100692
34.5 0.3 5.5 0.3 15.8 1.5 23.4 0.7635291798100692
34.6 0.3 5.5 0.3 15.8 1.5 23.4 0.7635291798100692
34.7 0.3 5.5 0.3 15.8 1.5 23.4 0.7635291798100692
34.800000000000004 0.3 5.5 0.3 15.8 1.5 23.4 0.7635291798100692
34.9 0.3 5.5 0.3 15.8 1.5 23.4 0.7635291798100692
35.0 0.3 5.5 0.3 15.8 1.5 23.4 0.7635291798100692
35.1 0.3 5.5 0.3 15.8 1.5 23.4 0.7635291798100692
35.2 0.3 5.5 0.3 15.8 1.5 23.4 0.7635291798100692
35.300000000000004 0.3 5.5 0.3 15.8 1.5 23.4 0.7635291798100692
35.4 0.3 5.5 0.3 15.8 1.5 23.4 0.7635291798100692
35.5 0.3 5.5 0.3 15.8 1.5 23.4 0.7635291798100692
35.6 0.3 5.5 0.3 15.8 1.5 23.4 0.7635291798100692
35.7 0.3 5.5 0.3 15.8 1.5 23.4 0.7635291798100692
35.800000000000004 0.3 5.5 0.3 15.8 1.5 23.4 0.7635291798100692
35.9 0.3 5.5 0.3 15.8 1.5 23.4 0.7635291798100692
36.0 0.3 5.5 0.3 15.8 1.5 23.4 0.7635291798100692
36.1 0.3 5.5 0.3 15.8 1.5 23.4 0.7635291798100692
36.2 0.3 5.5 0.3 15.8 1.5 23.4 0.7635291798100692
36.300000000000004 0.3 5.4 0.3 15.8 1.5 23.3 0.7599448257794241
36.4 0.3 5.4 0.3 15.8 1.5 23.3 0.7599448257794241
36.5 0.3 5.4 0.3 15.8 1.5 23.3 0.7599448257794241
36.6 0.3 5.4 0.3 15.8 1.5 23.3 0.7599448257794241
36.7 0.3 5.4 0.3 15.8 1.5 23.3 0.7599448257794241
36.800000000000004 0.3 5.4 0.3 15.8 1.5 23.3 0.7599448257794241
36.9 0.3 5.4 0.3 15.8 1.5 23.3 0.7599448257794241
37.0 0.3 5.4 0.3 15.8 1.5 23.3 0.7599448257794241
37.1 0.3 5.4 0.3 15.8 1.5 23.3 0.7599448257794241
37.2 0.3 5.4 0.3 15.8 1.5 23.3 0.7599448257794241
37.300000000000004 0.3 5.4 0.3 15.8 1.5 23.3 0.7599448257794241
37.4 0.3 5.4 0.3 15.8 1.5 23.3 0.7599448257794241
37.5 0.3 5.4 0.3 15.8 1.5 23.3 0.7599448257794241
37.6 0.3 5.4 0.3 15.8 1.5 23.3 0.7599448257794241
37.7 0.3 5.4 0.3 15.8 1.5 23.3 0.7599448257794241
37.800000000000004 0.3 5.4 0.3 15.8 1.5 23.3 0.7599448257794241
37.9 0.3 5.4 0.3 15.8 1.4 23.2 0.75619159647673
38.0 0.3 5.4 0.3 15.8 1.4 23.2 0.75619159647673
38.1 0.3 5.4 0.3 15.8 1.4 23.2 0.75619159647673
38.2 0.3 5.4 0.3 15.8 1.4 23.2 0.75619159647673
38.300000000000004 0.3 5.4 0.3 15.8 1.4 23.2 0.75619159647673
38.400000000000006 0.3 5.4 0.3 15.8 1.4 23.2 0.75619159647673
38.5 0.3 5.4 0.3 15.8 1.4 23.2 0.75619159647673
38.6 0.3 5.4 0.3 15.8 1.4 23.2 0.75619159647673
38.7 0.3 5.4 0.3 15.8 1.4 23.2 0.75619159647673
38.800000000000004 0.3 5.4 0.3 15.8 1.4 23.2 0.75619159647673
38.900000000000006 0.3 5.4 0.3 15.8 1.4 23.2 0.75619159647673
39.0 0.3 5.4 0.3 15.8 1.4 23.2 0.75619159647673
39.1 0.3 5.4 0.3 15.8 1.4 23.2 0.75619159647673
39.2 0.3 5.4 0.3 15.8 1.4 23.2 0.75619159647673
39.300000000000004 0.3 5.4 0.3 15.8 1.4 23.2 0.75619159647673
39.400000000000006 0.3 5.5 0.3 15.8 1.4 23.3 0.7589451019843388
39.5 0.3 5.5 0.3 15.8 1.4 23.3 0.7589451019843388
39.6 0.3 5.5 0.3 15.8 1.4 23.3 0.7589451019843388
39.7 0.3 5.5 0.3 15.8 1.4 23.3 0.7589451019843388
39.800000000000004 0.3 5.5 0.3 15.8 1.4 23.3 0.7589451019843388
39.900000000000006 0.3 5.5 0.3 15.8 1.4 23.3 0.7589451019843388
40.0 0.3 5.5 0.3 15.8 1.4 23.3 0.7589451019843388
40.1 0.3 5.5 0.3 15.8 1.4 23.3 0.7589451019843388
40.2 0.3 5.5 0.3 15.8 1.4 23.3 0.7589451019843388
40.300000000000004 0.3 5.5 0.3 15.8 1.4 23.3 0.7589451019843388
40.400000000000006 0.3 5.5 0.3 15.8 1.4 23.3 0.7589451019843388
40.5 0.3 5.5 0.3 15.8 1.4 23.3 0.7589451019843388
40.6 0.3 5.5 0.3 15.8 1.4 23.3 0.7589451019843388
40.7 0.3 5.5 0.3 15.8 1.4 23.3 0.7589451019843388
40.800000000000004 0.3 5.5 0.3 15.8 1.4 23.3 0.7589451019843388
40.900000000000006 0.3 5.6 0.3 15.8 1.4 23.4 0.7611913276451402
41.0 0.3 5.6 0.3 15.8 1.4 23.4 0.7611913276451402
41.1 0.3 5.6 0.3 15.8 1.4 23.4 0.7611913276451402
41.2 0.3 5.6 0.3 15.8 1.4 23.4 0.7611913276451402
41.300000000000004 0.3 5.6 0.3 15.8 1.4 23.4 0.7611913276451402
41.400000000000006 0.3 5.6 0.3 15.8 1.4 23.4 0.7611913276451402
41.5 0.3 5.6 0.3 15.8 1.4 23.4 0.7611913276451402
41.6 0.3 5.6 0.3 15.8 1.4 23.4 0.7611913276451402
41.7 0.3 5.6 0.3 15.8 1.4 23.4 0.7611913276451402
41.800000000000004 0.3 5.6 0.3 15.8 1.4 23.4 0.7611913276451402
41.900000000000006 0.3 5.6 0.3 15.8 1.4 23.4 0.7611913276451402
42.0 0.3 5.6 0.3 15.8 1.4 23.4 0.7611913276451402
42.1 0.3 5.6 0.3 15.8 1.4 23.4 0.7611913276451402
42.2 0.3 5.6 0.3 15.8 1.4 23.4 0.7611913276451402
42.300000000000004 0.3 5.6 0.3 15.8 1.4 23.4 0.7611913276451402
42.400000000000006 0.3 5.6 0.3 15.8 1.4 23.4 0.7611913276451402
42.5 0.3 5.6 0.3 15.8 1.4 23.4 0.7611913276451402
42.6 0.3 5.6 0.3 15.8 1.4 23.4 0.7611913276451402
42.7 0.3 5.6 0.3 15.8 1.4 23.4 0.7611913276451402
42.800000000000004 0.3 5.6 0.3 15.8 1.4 23.4 0.7611913276451402
42.900000000000006 0.3 5.6 0.3 15.8 1.4 23.4 0.7611913276451402
43.0 0.3 5.6 0.3 15.8 1.4 23.4 0.7611913276451402
43.1 0.3 5.6 0.3 15.8 1.4 23.4 0.7611913276451402
43.2 0.3 5.6 0.3 15.8 1.4 23.4 0.7611913276451402
43.300000000000004 0.3 5.6 0.3 15.8 1.4 23.4 0.7611913276451402
43.400000000000006 0.3 5.6 0.3 15.8 1.4 23.4 0.7611913276451402
43.5 0.3 5.6 0.3 15.8 1.4 23.4 0.7611913276451402
43.6 0.3 5.6 0.3 15.8 1.4 23.4 0.7611913276451402
43.7 0.3 5.6 0.3 15.8 1.4 23.4 0.7611913276451402
43.800000000000004 0.3 5.6 0.3 15.8 1.4 23.4 0.7611913276451402
43.900000000000006 0.3 5.6 0.3 15.8 1.4 23.4 0.7611913276451402
44.0 0.3 5.6 0.3 15.8 1.4 23.4 0.7611913276451402
44.1 0.3 5.6 0.3 15.8 1.4 23.4 0.7611913276451402
44.2 0.3 5.6 0.3 15.8 1.4 23.4 0.7611913276451402
44.300000000000004 0.3 5.6 0.3 15.8 1.4 23.4 0.7611913276451402
44.400000000000006 0.3 5.6 0.3 15.8 1.4 23.4 0.7611913276451402
44.5 0.3 5.6 0.3 15.8 1.4 23.4 0.7611913276451402
44.6 0.3 5.6 0.3 15.8 1.4 23.4 0.7611913276451402
44.7 0.3 5.6 0.3 15.8 1.4 23.4 0.7611913276451402
44.800000000000004 0.3 5.6 0.3 15.8 1.4 23.4 0.7611913276451402
44.900000000000006 0.3 5.6 0.3 15.8 1.4 23.4 0.7611913276451402
45.0 0.3 5.6 0.3 15.8 1.4 23.4 0.7611913276451402
45.1 0.3 5.6 0.3 15.8 1.4 23.4 0.7611913276451402
45.2 0.3 5.6 0.3 15.8 1.4 23.4 0.7611913276451402
45.300000000000004 0.3 5.6 0.3 15.8 1.4 23.4 0.7611913276451402
45.400000000000006 0.3 5.6 0.3 15.8 1.4 23.4 0.7611913276451402
45.5 0.3 5.6 0.3 15.8 1.4 23.4 0.7611913276451402
45.6 0.3 5.6 0.3 15.8 1.4 23.4 0.7611913276451402
45.7 0.3 5.6 0.3 15.8 1.4 23.4 0.7611913276451402
45.800000000000004 0.3 5.6 0.3 15.8 1.4 23.4 0.7611913276451402
45.900000000000006 0.3 5.6 0.3 15.8 1.4 23.4 0.7611913276451402
46.0 0.3 5.6 0.3 15.8 1.4 23.4 0.7611913276451402
46.1 0.3 5.6 0.3 15.8 1.4 23.4 0.7611913276451402
46.2 0.3 5.6 0.3 15.8 1.4 23.4 0.7611913276451402
46.300000000000004 0.3 5.6 0.3 15.8 1.4 23.4 0.7611913276451402
46.400000000000006 0.3 5.6 0.3 15.8 1.4 23.4 0.7611913276451402
46.5 0.3 5.6 0.3 15.8 1.4 23.4 0.7611913276451402
46.6 0.3 5.6 0.3 15.8 1.4 23.4 0.7611913276451402
46.7 0.3 5.6 0.3 15.8 1.4 23.4 0.7611913276451402
46.800000000000004 0.3 5.6 0.3 15.8 1.4 23.4 0.7611913276451402
46.900000000000006 0.3 5.6 0.3 15.8 1.4 23.4 0.7611913276451402
47.0 0.3 5.6 0.3 15.8 1.4 23.4 0.7611913276451402
47.1 0.3 5.6 0.3 15.8 1.4 23.4 0.7611913276451402
47.2 0.3 5.6 0.3 15.8 1.4 23.4 0.7611913276451402
47.300000000000004 0.3 5.6 0.3 15.8 1.4 23.4 0.7611913276451402
47.400000000000006 0.3 5.6 0.3 15.8 1.4 23.4 0.7611913276451402
47.5 0.3 5.6 0.3 15.8 1.4 23.4 0.7611913276451402
47.6 0.3 5.6 0.3 15.8 1.4 23.4 0.7611913276451402
47.7 0.3 5.6 0.3 15.8 1.4 23.4 0.7611913276451402
47.800000000000004 0.3 5.6 0.3 15.8 1.4 23.4 0.7611913276451402
47.900000000000006 0.3 5.6 0.3 15.8 1.4 23.4 0.7611913276451402
48.0 0.3 5.6 0.3 15.8 1.4 23.4 0.7611913276451402
48.1 0.3 5.6 0.3 15.8 1.4 23.4 0.7611913276451402
48.2 0.3 5.6 0.3 15.8 1.4 23.4 0.7611913276451402
48.300000000000004 0.3 5.6 0.3 15.8 1.4 23.4 0.7611913276451402
48.400000000000006 0.3 5.6 0.3 15.8 1.4 23.4 0.7611913276451402
48.5 0.3 5.6 0.3 15.8 1.4 23.4 0.7611913276451402
48.6 0.3 5.6 0.3 15.8 1.4 23.4 0.7611913276451402
48.7 0.3 5.6 0.3 15.8 1.4 23.4 0.7611913276451402
48.800000000000004 0.3 5.6 0.3 15.8 1.4 23.4 0.7611913276451402
48.900000000000006 0.3 5.6 0.3 15.8 1.4 23.4 0.7611913276451402
49.0 0.3 5.6 0.3 15.8 1.4 23.4 0.7611913276451402
49.1 0.3 5.6 0.3 15.8 1.4 23.4 0.7611913276451402
49.2 0.3 5.6 0.3 15.8 1.4 23.4 0.7611913276451402
49.300000000000004 0.3 5.6 0.3 15.8 1.4 23.4 0.7611913276451402
49.400000000000006 0.3 5.6 0.3 15.8 1.4 23.4 0.7611913276451402
49.5 0.3 5.6 0.3 15.8 1.4 23.4 0.7611913276451402
49.6 0.3 5.6 0.3 15.8 1.4 23.4 0.7611913276451402
49.7 0.3 5.6 0.3 15.8 1.4 23.4 0.7611913276451402
49.800000000000004 0.3 5.6 0.3 15.8 1.4 23.4 0.7611913276451402
49.900000000000006 0.3 5.6 0.3 15.8 1.4 23.4 0.7611913276451402
50.0 0.3 5.6 0.3 15.8 1.4 23.4 0.7611913276451402
50.1 0.3 5.6 0.3 15.8 1.4 23.4 0.7611913276451402
50.2 0.3 5.6 0.3 15.8 1.4 23.4 0.7611913276451402
50.300000000000004 0.3 5.6 0.3 15.8 1.4 23.4 0.7611913276451402
50.400000000000006 0.3 5.6 0.3 15.8 1.4 23.4 0.7611913276451402
50.5 0.3 5.6 0.3 15.8 1.4 23.4 0.7611913276451402
50.6 0.3 5.6 0.3 15.8 1.4 23.4 0.7611913276451402
50.7 0.3 5.6 0.3 15.8 1.4 23.4 0.7611913276451402
50.800000000000004 0.3 5.6 0.3 15.8 1.4 23.4 0.7611913276451402
50.900000000000006 0.3 5.6 0.3 15.8 1.4 23.4 0.7611913276451402
51.0 0.3 5.6 0.3 15.8 1.4 23.4 0.7611913276451402
51.1 0.3 5.6 0.3 15.8 1.4 23.4 0.7611913276451402
51.2 0.3 5.6 0.3 15.8 1.4 23.4 0.7611913276451402
51.300000000000004 0.3 5.6 0.3 15.8 1.4 23.4 0.7611913276451402
51.400000000000006 0.3 5.6 0.3 15.8 1.4 23.4 0.7611913276451402
51.5 0.3 5.6 0.3 15.8 1.4 23.4 0.7611913276451402
51.6 0.3 5.6 0.3 15.8 1.4 23.4 0.7611913276451402
51.7 0.3 5.6 0.3 15.8 1.4 23.4 0.7611913276451402
51.800000000000004 0.3 5.6 0.3 15.8 1.4 23.4 0.7611913276451402
51.900000000000006 0.3 5.6 0.3 15.8 1.4 23.4 0.7611913276451402
52.0 0.3 5.6 0.3 15.8 1.4 23.4 0.7611913276451402
52.1 0.3 5.6 0.3 15.8 1.4 23.4 0.7611913276451402
52.2 0.3 5.6 0.3 15.8 1.4 23.4 0.7611913276451402
52.300000000000004 0.3 5.6 0.3 15.8 1.4 23.4 0.7611913276451402
52.400000000000006 0.3 5.6 0.3 15.8 1.4 23.4 0.7611913276451402
52.5 0.3 5.6 0.3 15.8 1.4 23.4 0.7611913276451402
52.6 0.3 5.6 0.3 15.8 1.4 23.4 0.7611913276451402
52.7 0.3 5.6 0.3 15.8 1.4 23.4 0.7611913276451402
52.800000000000004 0.3 5.6 0.3 15.8 1.4 23.4 0.7611913276451402
52.900000000000006 0.3 5.6 0.3 15.8 1.4 23.4 0.7611913276451402
53.0 0.3 5.6 0.3 15.8 1.4 23.4 0.7611913276451402
53.1 0.3 5.6 0.3 15.8 1.4 23.4 0.7611913276451402
53.2 0.3 5.6 0.3 15.8 1.4 23.4 0.7611913276451402
53.300000000000004 0.3 5.6 0.3 15.8 1.4 23.4 0.7611913276451402
53.400000000000006 0.3 5.6 0.3 15.8 1.4 23.4 0.7611913276451402
53.5 0.3 5.6 0.3 15.8 1.4 23.4 0.7611913276451402
53.6 0.3 5.6 0.3 15.8 1.4 23.4 0.7611913276451402
53.7 0.3 5.6 0.3 15.8 1.4 23.4 0.7611913276451402
53.800000000000004 0.3 5.6 0.3 15.8 1.4 23.4 0.7611913276451402
53.900000000000006 0.3 5.6 0.3 15.8 1.4 23.4 0.7611913276451402
54.0 0.3 5.6 0.3 15.8 1.4 23.4 0.7611913276451402
54.1 0.3 5.6 0.3 15.8 1.4 23.4 0.7611913276451402
54.2 0.3 5.6 0.3 15.8 1.4 23.4 0.7611913276451402
54.300000000000004 0.3 5.6 0.3 15.8 1.4 23.4 0.7611913276451402
54.400000000000006 0.3 5.6 0.3 15.8 1.4 23.4 0.7611913276451402
54.5 0.3 5.6 0.3 15.8 1.4 23.4 0.7611913276451402
54.6 0.3 5.6 0.3 15.8 1.4 23.4 0.7611913276451402
54.7 0.3 5.6 0.3 15.8 1.4 23.4 0.7611913276451402
54.800000000000004 0.3 5.6 0.3 15.8 1.4 23.4 0.7611913276451402
54.900000000000006 0.3 5.6 0.3 15.8 1.4 23.4 0.7611913276451402
55.0 0.3 5.6 0.3 15.8 1.4 23.4 0.7611913276451402
55.1 0.3 5.6 0.3 15.8 1.4 23.4 0.7611913276451402
55.2 0.3 5.6 0.3 15.8 1.4 23.4 0.7611913276451402
55.300000000000004 0.3 5.6 0.3 15.8 1.4 23.4 0.7611913276451402
55.400000000000006 0.3 5.6 0.3 15.8 1.4 23.4 0.7611913276451402
55.5 0.3 5.6 0.3 15.8 1.4 23.4 0.7611913276451402
55.6 0.3 5.6 0.3 15.8 1.4 23.4 0.7611913276451402
55.7 0.3 5.6 0.3 15.8 1.4 23.4 0.7611913276451402
55.800000000000004 0.3 5.6 0.3 15.8 1.4 23.4 0.7611913276451402
55.900000000000006 0.3 5.6 0.3 15.8 1.4 23.4 0.7611913276451402
56.0 0.3 5.6 0.3 15.8 1.4 23.4 0.7611913276451402
56.1 0.3 5.6 0.3 15.8 1.4 23.4 0.7611913276451402
56.2 0.3 5.6 0.3 15.8 1.4 23.4 0.7611913276451402
56.300000000000004 0.3 5.6 0.3 15.8 1.4 23.4 0.7611913276451402
56.400000000000006 0.3 5.6 0.3 15.8 1.4 23.4 0.7611913276451402
56.5 0.3 5.7 0.3 15.8 1.4 23.5 0.7634016723767418
56.6 0.3 5.7 0.3 15.8 1.4 23.5 0.7634016723767418
56.7 0.3 5.6 0.3 15.8 1.4 23.4 0.7611913276451402
56.800000000000004 0.3 5.6 0.3 15.8 1.4 23.4 0.7611913276451402
56.900000000000006 0.3 5.6 0.3 15.8 1.4 23.4 0.7611913276451402
57.0 0.3 5.6 0.3 15.8 1.4 23.4 0.7611913276451402
57.1 0.3 5.6 0.3 15.8 1.4 23.4 0.7611913276451402
57.2 0.3 5.6 0.3 15.8 1.4 23.4 0.7611913276451402
57.300000000000004 0.3 5.6 0.3 15.8 1.4 23.4 0.7611913276451402
57.400000000000006 0.3 5.6 0.3 15.8 1.4 23.4 0.7611913276451402
57.5 0.3 5.6 0.3 15.8 1.4 23.4 0.7611913276451402
57.6 0.3 5.6 0.3 15.8 1.4 23.4 0.7611913276451402
57.7 0.3 5.6 0.3 15.8 1.4 23.4 0.7611913276451402
57.800000000000004 0.3 5.6 0.3 15.8 1.4 23.4 0.7611913276451402
57.900000000000006 0.3 5.6 0.3 15.8 1.4 23.4 0.7611913276451402
58.0 0.3 5.6 0.3 15.8 1.4 23.4 0.7611913276451402
58.1 0.3 5.6 0.3 15.8 1.4 23.4 0.7611913276451402
58.2 0.3 5.6 0.3 15.8 1.4 23.4 0.7611913276451402
58.300000000000004 0.3 5.6 0.3 15.8 1.4 23.4 0.7611913276451402
58.400000000000006 0.3 5.6 0.3 15.8 1.4 23.4 0.7611913276451402
58.5 0.3 5.6 0.3 15.8 1.4 23.4 0.7611913276451402
58.6 0.3 5.6 0.3 15.8 1.4 23.4 0.7611913276451402
58.7 0.3 5.6 0.3 15.8 1.4 23.4 0.7611913276451402
58.800000000000004 0.3 5.6 0.3 15.8 1.4 23.4 0.7611913276451402
58.900000000000006 0.3 5.6 0.3 15.8 1.4 23.4 0.7611913276451402
59.0 0.3 5.6 0.3 15.8 1.4 23.4 0.7611913276451402
59.1 0.3 5.7 0.3 15.8 1.4 23.5 0.7626745794557699
59.2 0.3 5.6 0.3 15.8 1.4 23.4 0.7611913276451402
59.300000000000004 0.3 5.6 0.3 15.8 1.4 23.4 0.7611913276451402
59.400000000000006 0.3 5.6 0.3 15.8 1.4 23.4 0.7611913276451402
59.5 0.3 5.6 0.3 15.8 1.4 23.4 0.7611913276451402
59.6 0.3 5.6 0.3 15.8 1.4 23.4 0.7611913276451402
59.7 0.3 5.6 0.3 15.8 1.4 23.4 0.7611913276451402
59.800000000000004 0.3 5.6 0.3 15.8 1.4 23.4 0.7611913276451402
59.900000000000006 0.3 5.6 0.3 15.8 1.4 23.4 0.7611913276451402
60.0 0.3 5.6 0.3 15.8 1.4 23.4 0.7611913276451402
