1.920000000000000040e-01,4.124813855520009120e+00
1.940000000000000058e-01,4.025940056651320376e+00
1.960000000000000075e-01,3.927022348455233569e+00
1.980000000000000093e-01,3.828019713398638224e+00
2.000000000000000111e-01,3.728860820750399707e+00
2.020000000000000129e-01,3.629495916439021030e+00
2.039999999999999869e-01,3.529901576543620578e+00
2.059999999999999887e-01,3.430025267388387533e+00
2.079999999999999905e-01,3.329848972287167808e+00
2.099999999999999922e-01,3.229384309275570963e+00
2.119999999999999940e-01,3.128674003213154364e+00
2.139999999999999958e-01,3.027788473565205862e+00
2.159999999999999976e-01,2.926798478405287618e+00
2.179999999999999993e-01,2.825812484594494745e+00
2.200000000000000011e-01,2.724956203401548649e+00
2.220000000000000029e-01,2.624353121981375381e+00
2.240000000000000047e-01,2.524145010296300118e+00
2.260000000000000064e-01,2.424520306397271341e+00
2.280000000000000082e-01,2.325681593841903094e+00
2.300000000000000100e-01,2.227830346891350288e+00
2.320000000000000118e-01,2.131168821668972591e+00
2.340000000000000135e-01,2.035891991380820887e+00
2.359999999999999876e-01,1.942188980528297026e+00
2.379999999999999893e-01,1.850257975232863838e+00
2.399999999999999911e-01,1.760285466663741971e+00
2.419999999999999929e-01,1.672458504465868412e+00
2.439999999999999947e-01,1.586944241055608273e+00
2.459999999999999964e-01,1.503882916419532867e+00
2.479999999999999982e-01,1.423393056345511720e+00
2.500000000000000000e-01,1.345586700385609902e+00
2.520000000000000018e-01,1.270551347199228243e+00
2.540000000000000036e-01,1.198341720120542409e+00
2.560000000000000053e-01,1.128991460202709796e+00
2.580000000000000071e-01,1.062529965611555216e+00
2.600000000000000089e-01,9.989729914027756230e-01
2.620000000000000107e-01,9.383175862744714824e-01
2.640000000000000124e-01,8.805412835378552128e-01
2.660000000000000142e-01,8.255985167418299353e-01
2.680000000000000160e-01,7.734224606457857920e-01
2.700000000000000178e-01,7.239371431145020797e-01
2.720000000000000195e-01,6.770576140036994595e-01
2.740000000000000213e-01,6.326912524338176302e-01
2.760000000000000231e-01,5.907412361103023812e-01
2.780000000000000249e-01,5.511102010540482876e-01
2.800000000000000266e-01,5.136912118273239125e-01
2.819999999999999729e-01,4.783823780048079843e-01
2.839999999999999747e-01,4.450756893854377338e-01
2.859999999999999765e-01,4.136492782457970030e-01
2.879999999999999782e-01,3.839825225039653622e-01
2.899999999999999800e-01,3.559552612922067261e-01
2.919999999999999818e-01,3.294447946476469768e-01
2.939999999999999836e-01,3.043290375487107680e-01
2.959999999999999853e-01,2.804927438294237962e-01
2.979999999999999871e-01,2.578238564221901896e-01
2.999999999999999889e-01,2.362187029135406346e-01
3.019999999999999907e-01,2.155811158064147026e-01
3.039999999999999925e-01,1.958229345806492272e-01
3.059999999999999942e-01,1.768590548704572218e-01
3.079999999999999960e-01,1.586108888714128362e-01
3.099999999999999978e-01,1.410044294018240607e-01
3.119999999999999996e-01,1.239737690620161814e-01
3.140000000000000013e-01,1.074589043307935671e-01
3.160000000000000031e-01,9.140345628867438399e-02
3.180000000000000049e-01,7.575877418361677551e-02
3.200000000000000067e-01,6.048703814390258421e-02
3.220000000000000084e-01,4.556035806746020628e-02
3.240000000000000102e-01,3.095515826193010953e-02
3.260000000000000120e-01,1.665568449387908045e-02
3.280000000000000138e-01,2.652170045644811850e-03
3.300000000000000155e-01,-1.106003593245408548e-02
3.320000000000000173e-01,-2.447971644884063686e-02
3.340000000000000191e-01,-3.760680545304057043e-02
3.360000000000000209e-01,-5.044906107566571318e-02
3.380000000000000226e-01,-6.301329664048482826e-02
3.400000000000000244e-01,-7.530924954317597120e-02
3.420000000000000262e-01,-8.734233251168721512e-02
3.439999999999999725e-01,-9.911857332677687094e-02
3.459999999999999742e-01,-1.106464373785307764e-01
3.479999999999999760e-01,-1.219340332046631725e-01
3.499999999999999778e-01,-1.329936546766264660e-01
3.519999999999999796e-01,-1.438384733418482664e-01
3.539999999999999813e-01,-1.544782975437853367e-01
3.559999999999999831e-01,-1.649211029637993042e-01
3.579999999999999849e-01,-1.751721963347130373e-01
3.599999999999999867e-01,-1.852336462425787922e-01
3.619999999999999885e-01,-1.951096111834595692e-01
3.639999999999999902e-01,-2.048028286496452743e-01
3.659999999999999920e-01,-2.143143550353371340e-01
3.679999999999999938e-01,-2.236442548228566030e-01
3.699999999999999956e-01,-2.327953423685843182e-01
3.719999999999999973e-01,-2.417740020537440804e-01
3.739999999999999991e-01,-2.505880989182728835e-01
3.760000000000000009e-01,-2.592480509227492735e-01
3.780000000000000027e-01,-2.677620895132953871e-01
3.800000000000000044e-01,-2.761398292090907480e-01
3.820000000000000062e-01,-2.843893851593833899e-01
3.840000000000000080e-01,-2.925182507161369627e-01
3.860000000000000098e-01,-3.005385453753395275e-01
3.880000000000000115e-01,-3.084658343673576386e-01
3.900000000000000133e-01,-3.163144261480538844e-01
3.920000000000000151e-01,-3.240958559063460420e-01
3.940000000000000169e-01,-3.318200382857355302e-01
3.960000000000000187e-01,-3.394938515751258490e-01
3.980000000000000204e-01,-3.471211730312807608e-01
4.000000000000000222e-01,-3.547048735387708374e-01
4.020000000000000240e-01,-3.622421945411844479e-01
4.040000000000000258e-01,-3.697252129595103298e-01
4.060000000000000275e-01,-3.771440060409482209e-01
4.079999999999999738e-01,-3.844890730460253647e-01
4.099999999999999756e-01,-3.917507527711387438e-01
4.119999999999999774e-01,-3.989193216361996419e-01
4.139999999999999791e-01,-4.059870096336434253e-01
4.159999999999999809e-01,-4.129470327017712439e-01
4.179999999999999827e-01,-4.197973576999561862e-01
4.199999999999999845e-01,-4.265387854461302197e-01
4.219999999999999862e-01,-4.331696088167952263e-01
4.239999999999999880e-01,-4.396868972716013735e-01
4.259999999999999898e-01,-4.460851516138686912e-01
4.279999999999999916e-01,-4.523568781887831181e-01
4.299999999999999933e-01,-4.584920158076889463e-01
4.319999999999999951e-01,-4.644828037527994335e-01
4.339999999999999969e-01,-4.703223462600227278e-01
4.359999999999999987e-01,-4.760036974989483305e-01
4.380000000000000004e-01,-4.815182307790814020e-01
4.400000000000000022e-01,-4.868563880605596972e-01
4.420000000000000040e-01,-4.920087030287409458e-01
4.440000000000000058e-01,-4.969663341015215785e-01
4.460000000000000075e-01,-5.017234673250039467e-01
4.480000000000000093e-01,-5.062755902149156384e-01
4.500000000000000111e-01,-5.106177056469457520e-01
4.520000000000000129e-01,-5.147495117975861012e-01
4.540000000000000147e-01,-5.186719057842061886e-01
4.560000000000000164e-01,-5.223819165281480270e-01
4.580000000000000182e-01,-5.258748191694065932e-01
4.600000000000000200e-01,-5.291460872061628518e-01
4.620000000000000218e-01,-5.321955274996138519e-01
4.640000000000000235e-01,-5.350257115037145850e-01
4.660000000000000253e-01,-5.376399066214663236e-01
4.680000000000000271e-01,-5.400426052305037361e-01
4.699999999999999734e-01,-5.422392421853595712e-01
4.719999999999999751e-01,-5.442372861854465338e-01
4.739999999999999769e-01,-5.460450234098276345e-01
4.759999999999999787e-01,-5.476724420231018353e-01
4.779999999999999805e-01,-5.491304948110663497e-01
4.799999999999999822e-01,-5.504313284350408342e-01
4.819999999999999840e-01,-5.515858041011347801e-01
4.839999999999999858e-01,-5.526018501626548396e-01
4.859999999999999876e-01,-5.534840091917827554e-01
4.879999999999999893e-01,-5.542360857414374564e-01
4.899999999999999911e-01,-5.548618662091497900e-01
4.919999999999999929e-01,-5.553667942284820080e-01
4.939999999999999947e-01,-5.557568507083960885e-01
4.959999999999999964e-01,-5.560363968206826213e-01
4.979999999999999982e-01,-5.562082429877857059e-01
5.000000000000000000e-01,-5.562763894967219791e-01
5.020000000000000018e-01,-5.562446155494989997e-01
5.040000000000000036e-01,-5.561175397233016904e-01
5.060000000000000053e-01,-5.559006669804618106e-01
5.080000000000000071e-01,-5.555984301530023650e-01
5.100000000000000089e-01,-5.552140984000106805e-01
5.120000000000000107e-01,-5.547530058031328037e-01
5.140000000000000124e-01,-5.542237366982717406e-01
5.160000000000000142e-01,-5.536336329979224535e-01
5.180000000000000160e-01,-5.529889471533784295e-01
5.200000000000000178e-01,-5.522958693508959183e-01
5.220000000000000195e-01,-5.515598706001338947e-01
5.240000000000000213e-01,-5.507842371745694798e-01
5.260000000000000231e-01,-5.499706201107972259e-01
5.280000000000000249e-01,-5.491201616432600519e-01
5.300000000000000266e-01,-5.482331648485336828e-01
5.320000000000000284e-01,-5.473091469561477407e-01
5.340000000000000302e-01,-5.463461738331973905e-01
5.360000000000000320e-01,-5.453390354645309968e-01
5.380000000000000338e-01,-5.442820052107643081e-01
5.400000000000000355e-01,-5.431697403806370339e-01
5.420000000000000373e-01,-5.419989112209686599e-01
5.440000000000000391e-01,-5.407659442737672295e-01
5.460000000000000409e-01,-5.394656193522415766e-01
5.480000000000000426e-01,-5.380933176140988428e-01
5.500000000000000444e-01,-5.366460455322439316e-01
5.520000000000000462e-01,-5.351221199949200980e-01
5.540000000000000480e-01,-5.335205889562312231e-01
5.560000000000000497e-01,-5.318423491589672203e-01
5.580000000000000515e-01,-5.300873201220032138e-01
5.600000000000000533e-01,-5.282549528016267093e-01
5.620000000000000551e-01,-5.263442783397018765e-01
5.639999999999999458e-01,-5.243549064619303923e-01
5.659999999999999476e-01,-5.222884828430663928e-01
5.679999999999999494e-01,-5.201470388206679285e-01
5.699999999999999512e-01,-5.179340130527604336e-01
5.719999999999999529e-01,-5.156536435401860574e-01
5.739999999999999547e-01,-5.133110755539068704e-01
5.759999999999999565e-01,-5.109116713575628799e-01
5.779999999999999583e-01,-5.084606151550203901e-01
5.799999999999999600e-01,-5.059632066528443328e-01
5.819999999999999618e-01,-5.034250912026004832e-01
5.839999999999999636e-01,-5.008486138491332618e-01
5.859999999999999654e-01,-4.982343700601339354e-01
5.879999999999999671e-01,-4.955834236080268740e-01
5.899999999999999689e-01,-4.928983702427906510e-01
5.919999999999999707e-01,-4.901828375308470709e-01
5.939999999999999725e-01,-4.874384129333215188e-01
5.959999999999999742e-01,-4.846649733404316263e-01
5.979999999999999760e-01,-4.818616552203125458e-01
5.999999999999999778e-01,-4.790270876164882674e-01
6.019999999999999796e-01,-4.761625156954094051e-01
6.039999999999999813e-01,-4.732711381903799697e-01
6.059999999999999831e-01,-4.703573604185379287e-01
6.079999999999999849e-01,-4.674248995559644460e-01
6.099999999999999867e-01,-4.644751496906514010e-01
6.119999999999999885e-01,-4.615087687066106170e-01
6.139999999999999902e-01,-4.585265067868356526e-01
6.159999999999999920e-01,-4.555285161802063998e-01
6.179999999999999938e-01,-4.525163821472395487e-01
6.199999999999999956e-01,-4.494937451873104450e-01
6.219999999999999973e-01,-4.464645732084119301e-01
6.239999999999999991e-01,-4.434321315344015302e-01
6.260000000000000009e-01,-4.403961233916300344e-01
6.280000000000000027e-01,-4.373554484955133326e-01
6.300000000000000044e-01,-4.343085779238408661e-01
6.320000000000000062e-01,-4.312552772422281189e-01
6.340000000000000080e-01,-4.281932572567896944e-01
6.360000000000000098e-01,-4.251189000347769809e-01
6.380000000000000115e-01,-4.220284489643310044e-01
6.400000000000000133e-01,-4.189187855613334399e-01
6.420000000000000151e-01,-4.157873849923711118e-01
6.440000000000000169e-01,-4.126335982636920030e-01
6.460000000000000187e-01,-4.094571219888690772e-01
6.480000000000000204e-01,-4.062572594755941013e-01
6.500000000000000222e-01,-4.030323407048560513e-01
6.520000000000000240e-01,-3.997792453620465647e-01
6.540000000000000258e-01,-3.964942574675167641e-01
6.560000000000000275e-01,-3.931727110845952833e-01
6.580000000000000293e-01,-3.898100120470073815e-01
6.600000000000000311e-01,-3.864034837901566544e-01
6.620000000000000329e-01,-3.829543574525409722e-01
6.640000000000000346e-01,-3.794672681253204449e-01
6.660000000000000364e-01,-3.759500217308499592e-01
6.680000000000000382e-01,-3.724114301358602552e-01
6.700000000000000400e-01,-3.688579561021558262e-01
6.720000000000000417e-01,-3.652943383532700761e-01
6.740000000000000435e-01,-3.617237788870956150e-01
6.760000000000000453e-01,-3.581494327781512554e-01
6.780000000000000471e-01,-3.545737865539820843e-01
6.800000000000000488e-01,-3.510001233127203468e-01
6.820000000000000506e-01,-3.474322655094820300e-01
6.840000000000000524e-01,-3.438749170265099075e-01
6.860000000000000542e-01,-3.403315757663792351e-01
6.879999999999999449e-01,-3.368001639696839855e-01
6.899999999999999467e-01,-3.332772353172098190e-01
6.919999999999999485e-01,-3.297600604732523477e-01
6.939999999999999503e-01,-3.262446900420191143e-01
6.959999999999999520e-01,-3.227268294611860266e-01
6.979999999999999538e-01,-3.192033222340521226e-01
6.999999999999999556e-01,-3.156721372670925341e-01
7.019999999999999574e-01,-3.121301079901503961e-01
7.039999999999999591e-01,-3.085766138771733891e-01
7.059999999999999609e-01,-3.050123375019064276e-01
7.079999999999999627e-01,-3.014398616222104810e-01
7.099999999999999645e-01,-2.978638988324243120e-01
7.119999999999999662e-01,-2.942876452299799661e-01
7.139999999999999680e-01,-2.907117460962687083e-01
7.159999999999999698e-01,-2.871353203519957376e-01
7.179999999999999716e-01,-2.835585955336555330e-01
7.199999999999999734e-01,-2.799841174671761634e-01
7.219999999999999751e-01,-2.764134747990312224e-01
7.239999999999999769e-01,-2.728469584004515336e-01
7.259999999999999787e-01,-2.692832748694995448e-01
7.279999999999999805e-01,-2.657215918278127975e-01
7.299999999999999822e-01,-2.621630768981715320e-01
7.319999999999999840e-01,-2.586101305429221453e-01
7.339999999999999858e-01,-2.550637838839493465e-01
7.359999999999999876e-01,-2.515219257072386361e-01
7.379999999999999893e-01,-2.479827026951499092e-01
7.399999999999999911e-01,-2.444436992943670173e-01
7.419999999999999929e-01,-2.409048611456965083e-01
7.439999999999999947e-01,-2.373678876772928326e-01
7.459999999999999964e-01,-2.338349651966101783e-01
7.479999999999999982e-01,-2.303101021212505262e-01
7.500000000000000000e-01,-2.267996306127789408e-01
7.520000000000000018e-01,-2.233113657243024353e-01
7.540000000000000036e-01,-2.198531616500580543e-01
7.560000000000000053e-01,-2.164306200775373001e-01
7.580000000000000071e-01,-2.130452262881925574e-01
7.600000000000000089e-01,-2.096982309135941858e-01
7.620000000000000107e-01,-2.063944010290154341e-01
7.640000000000000124e-01,-2.031413279669488370e-01
7.660000000000000142e-01,-1.999469838945630018e-01
7.680000000000000160e-01,-1.968162747184468708e-01
7.700000000000000178e-01,-1.937532152846691835e-01
7.720000000000000195e-01,-1.907604250958981340e-01
7.740000000000000213e-01,-1.878374450370194071e-01
7.760000000000000231e-01,-1.849801045743181549e-01
7.780000000000000249e-01,-1.821847790243545373e-01
7.800000000000000266e-01,-1.794480440812414312e-01
7.820000000000000284e-01,-1.767628559761268703e-01
7.840000000000000302e-01,-1.741219971800406219e-01
7.860000000000000320e-01,-1.715204619130467623e-01
7.880000000000000338e-01,-1.689540778489423412e-01
7.900000000000000355e-01,-1.664163758172640117e-01
7.920000000000000373e-01,-1.638992944420286924e-01
7.940000000000000391e-01,-1.613925222793149983e-01
7.960000000000000409e-01,-1.588867447166832370e-01
7.980000000000000426e-01,-1.563750280060820508e-01
8.000000000000000444e-01,-1.538530969566751505e-01
8.020000000000000462e-01,-1.513190258202340155e-01
8.040000000000000480e-01,-1.487726404259639978e-01
8.060000000000000497e-01,-1.462145116642837583e-01
8.080000000000000515e-01,-1.436478157989716231e-01
8.100000000000000533e-01,-1.410764414767337327e-01
8.120000000000000551e-01,-1.385027391923501772e-01
8.139999999999999458e-01,-1.359283466038636590e-01
8.159999999999999476e-01,-1.333539382086184055e-01
8.179999999999999494e-01,-1.307796796855072441e-01
8.199999999999999512e-01,-1.282071801570110470e-01
8.219999999999999529e-01,-1.256377480049261641e-01
8.239999999999999547e-01,-1.230728574980814866e-01
8.259999999999999565e-01,-1.205142026096501784e-01
8.279999999999999583e-01,-1.179631078674795719e-01
8.299999999999999600e-01,-1.154200987728045413e-01
8.319999999999999618e-01,-1.128863416018506538e-01
8.339999999999999636e-01,-1.103646233730464082e-01
8.359999999999999654e-01,-1.078584483918926529e-01
8.379999999999999671e-01,-1.053713623702445396e-01
8.399999999999999689e-01,-1.029052694899166565e-01
8.419999999999999707e-01,-1.004622739385189201e-01
8.439999999999999725e-01,-9.804592882828716549e-02
8.459999999999999742e-01,-9.565905356642166735e-02
8.479999999999999760e-01,-9.330197344277281479e-02
8.499999999999999778e-01,-9.097330927727928507e-02
8.519999999999999796e-01,-8.867262478347923138e-02
8.539999999999999813e-01,-8.639925818426666404e-02
8.559999999999999831e-01,-8.415099120415350797e-02
8.579999999999999849e-01,-8.192475643013200082e-02
8.599999999999999867e-01,-7.971725035333387943e-02
8.619999999999999885e-01,-7.752609256835749085e-02
8.639999999999999902e-01,-7.535067194310807182e-02
8.659999999999999920e-01,-7.319173857232874614e-02
8.679999999999999938e-01,-7.104855662796177862e-02
8.699999999999999956e-01,-6.892085598975802863e-02
8.719999999999999973e-01,-6.681035113921596214e-02
8.739999999999999991e-01,-6.471901247670240609e-02
8.760000000000000009e-01,-6.264703101237195648e-02
8.780000000000000027e-01,-6.059533987274175887e-02
8.800000000000000044e-01,-5.856504022341126048e-02
8.820000000000000062e-01,-5.655587838026628067e-02
8.840000000000000080e-01,-5.456765886632065909e-02
8.860000000000000098e-01,-5.260029741542826542e-02
8.880000000000000115e-01,-5.065382654143323060e-02
8.900000000000000133e-01,-4.872837731163774666e-02
8.920000000000000151e-01,-4.682712253498634569e-02
8.940000000000000169e-01,-4.495421770495105357e-02
8.960000000000000187e-01,-4.311167962011028948e-02
8.980000000000000204e-01,-4.130000501811233182e-02
9.000000000000000222e-01,-3.951966593932133148e-02
9.020000000000000240e-01,-3.777097089494433485e-02
9.040000000000000258e-01,-3.605271215819032260e-02
9.060000000000000275e-01,-3.436218861592098966e-02
9.080000000000000293e-01,-3.269791524607452288e-02
9.100000000000000311e-01,-3.105925945626939952e-02
9.120000000000000329e-01,-2.944505012743658251e-02
9.140000000000000346e-01,-2.785334506272797023e-02
9.160000000000000364e-01,-2.628382032010855712e-02
9.180000000000000382e-01,-2.473699664318054076e-02
9.200000000000000400e-01,-2.321272729529144305e-02
9.220000000000000417e-01,-2.170934542326074038e-02
9.240000000000000435e-01,-2.022435590512195597e-02
9.260000000000000453e-01,-1.875505256227568557e-02
9.280000000000000471e-01,-1.729723248622966336e-02
9.300000000000000488e-01,-1.584594971632273877e-02
9.320000000000000506e-01,-1.439711069150896063e-02
9.340000000000000524e-01,-1.294589663370926576e-02
9.360000000000000542e-01,-1.148750859822306181e-02
9.379999999999999449e-01,-1.001841240026203270e-02
9.399999999999999467e-01,-8.536245597579844580e-03
9.419999999999999485e-01,-7.040946329061171724e-03
9.439999999999999503e-01,-5.533808400437625202e-03
9.459999999999999520e-01,-4.015187662005482473e-03
9.479999999999999538e-01,-2.485940775312923956e-03
9.499999999999999556e-01,-9.476734576986417958e-04
9.519999999999999574e-01,5.971535501393503143e-04
9.539999999999999591e-01,2.146061149439755598e-03
9.559999999999999609e-01,3.695777012807278591e-03
9.579999999999999627e-01,5.243818163506128692e-03
9.599999999999999645e-01,6.789571274724843022e-03
9.619999999999999662e-01,8.331692488625426496e-03
9.639999999999999680e-01,9.866686850714952856e-03
9.659999999999999698e-01,1.139024399828443730e-02
9.679999999999999716e-01,1.289972037635833679e-02
9.699999999999999734e-01,1.439244254463955056e-02
9.719999999999999751e-01,1.586309206747191225e-02
9.739999999999999769e-01,1.730646114863843010e-02
9.759999999999999787e-01,1.871777205270757499e-02
9.779999999999999805e-01,2.009311915339897364e-02
9.799999999999999822e-01,2.143094791387269160e-02
9.819999999999999840e-01,2.273052065133222138e-02
9.839999999999999858e-01,2.399232864922807087e-02
9.859999999999999876e-01,2.521729459238293558e-02
9.879999999999999893e-01,2.640580977115070116e-02
9.899999999999999911e-01,2.755674445132786851e-02
9.919999999999999929e-01,2.866892146498047772e-02
9.939999999999999947e-01,2.974275391411288980e-02
9.959999999999999964e-01,3.078018147462967952e-02
9.979999999999999982e-01,3.178389914121926285e-02
1.000000000000000000e+00,3.275680275606350500e-02
1.002000000000000002e+00,3.370155596171039297e-02
1.004000000000000004e+00,3.462165969997608311e-02
1.006000000000000005e+00,3.551977095876065332e-02
1.008000000000000007e+00,3.639930105152738848e-02
1.010000000000000009e+00,3.726562531549248991e-02
1.012000000000000011e+00,3.812396290679678085e-02
1.014000000000000012e+00,3.897890297120864406e-02
1.016000000000000014e+00,3.983563734300863551e-02
1.018000000000000016e+00,4.069807258347615114e-02
1.020000000000000018e+00,4.156830783652049055e-02
1.022000000000000020e+00,4.244509946854867904e-02
1.024000000000000021e+00,4.332557520559806447e-02
1.026000000000000023e+00,4.420643857852675496e-02
1.028000000000000025e+00,4.508313887447978202e-02
1.030000000000000027e+00,4.595120680385406109e-02
1.032000000000000028e+00,4.680775019568302747e-02
1.034000000000000030e+00,4.765096933309430349e-02
1.036000000000000032e+00,4.848057279721788154e-02
1.038000000000000034e+00,4.929706794521219321e-02
1.040000000000000036e+00,5.010095675709029528e-02
1.042000000000000037e+00,5.089067533078549255e-02
1.044000000000000039e+00,5.166427772025527360e-02
1.046000000000000041e+00,5.242103435378885068e-02
1.048000000000000043e+00,5.315932721295679036e-02
1.050000000000000044e+00,5.387798590392425119e-02
1.052000000000000046e+00,5.457549061955305203e-02
1.054000000000000048e+00,5.525140098981320275e-02
1.056000000000000050e+00,5.590563663402123296e-02
1.058000000000000052e+00,5.653837308542008361e-02
1.060000000000000053e+00,5.715147698719819092e-02
1.062000000000000055e+00,5.774612717826037300e-02
1.064000000000000057e+00,5.832218981086546850e-02
1.066000000000000059e+00,5.887856221954241437e-02
1.068000000000000060e+00,5.941394806805563866e-02
1.070000000000000062e+00,5.992909516242501955e-02
1.072000000000000064e+00,6.042413495920333916e-02
1.074000000000000066e+00,6.089755466195381078e-02
1.076000000000000068e+00,6.134756911328034801e-02
1.078000000000000069e+00,6.177357005552627095e-02
1.080000000000000071e+00,6.217505409211570438e-02
1.082000000000000073e+00,6.255177007225032337e-02
1.084000000000000075e+00,6.290368763086895409e-02
1.086000000000000076e+00,6.323190196435415911e-02
1.088000000000000078e+00,6.353906895599693849e-02
1.090000000000000080e+00,6.382818666408549002e-02
1.092000000000000082e+00,6.410115011581453415e-02
1.094000000000000083e+00,6.435997679464573740e-02
1.096000000000000085e+00,6.460814946066126274e-02
1.098000000000000087e+00,6.485031983543432244e-02
1.100000000000000089e+00,6.509077339981547694e-02
1.102000000000000091e+00,6.533181707449478570e-02
1.104000000000000092e+00,6.557482651359176906e-02
1.106000000000000094e+00,6.582112668008503753e-02
1.108000000000000096e+00,6.606999614455995318e-02
1.110000000000000098e+00,6.631931958204828614e-02
1.112000000000000099e+00,6.656854954365955257e-02
1.114000000000000101e+00,6.681726653805478144e-02
1.116000000000000103e+00,6.706558213450597439e-02
1.118000000000000105e+00,6.731486022966769178e-02
1.120000000000000107e+00,6.756624107685280101e-02
1.122000000000000108e+00,6.782060164421482851e-02
1.124000000000000110e+00,6.807875079537319130e-02
1.125999999999999890e+00,6.834075327990841997e-02
1.127999999999999892e+00,6.860617822445985725e-02
1.129999999999999893e+00,6.887416383140947118e-02
1.131999999999999895e+00,6.914324344863349847e-02
1.133999999999999897e+00,6.941251475924201109e-02
1.135999999999999899e+00,6.968070257516251198e-02
1.137999999999999901e+00,6.994481255740093995e-02
1.139999999999999902e+00,7.020231563181089651e-02
1.141999999999999904e+00,7.045164132080949937e-02
1.143999999999999906e+00,7.069029053958239550e-02
1.145999999999999908e+00,7.091441440766133031e-02
1.147999999999999909e+00,7.111966302706715370e-02
1.149999999999999911e+00,7.130048323723350845e-02
1.151999999999999913e+00,7.145039935275322718e-02
1.153999999999999915e+00,7.156334186509680229e-02
1.155999999999999917e+00,7.163552449555293800e-02
1.157999999999999918e+00,7.166403523144361520e-02
1.159999999999999920e+00,7.164691167931749871e-02
1.161999999999999922e+00,7.158398696310343257e-02
1.163999999999999924e+00,7.147697838080277477e-02
1.165999999999999925e+00,7.132898196849651873e-02
1.167999999999999927e+00,7.114310285818924162e-02
1.169999999999999929e+00,7.092232480300449116e-02
1.171999999999999931e+00,7.067072816380259859e-02
1.173999999999999932e+00,7.039259113436652227e-02
1.175999999999999934e+00,7.009266657744954443e-02
1.177999999999999936e+00,6.977681325440079907e-02
1.179999999999999938e+00,6.945195278563010000e-02
1.181999999999999940e+00,6.912416985507117972e-02
1.183999999999999941e+00,6.879792664154395221e-02
1.185999999999999943e+00,6.847739935816986312e-02
1.187999999999999945e+00,6.816788918839919442e-02
1.189999999999999947e+00,6.787440400153763043e-02
1.191999999999999948e+00,6.760097989725744050e-02
1.193999999999999950e+00,6.735046461467728007e-02
1.195999999999999952e+00,6.712499236956367965e-02
1.197999999999999954e+00,6.692590450709771932e-02
1.199999999999999956e+00,6.675306262748509356e-02
1.201999999999999957e+00,6.660453285572418003e-02
1.203999999999999959e+00,6.647828318709013418e-02
1.205999999999999961e+00,6.637240464338631241e-02
1.207999999999999963e+00,6.628468161937776937e-02
1.209999999999999964e+00,6.621370557893185849e-02
1.211999999999999966e+00,6.615834673533256549e-02
1.213999999999999968e+00,6.611730346296153249e-02
1.215999999999999970e+00,6.609034379373598944e-02
1.217999999999999972e+00,6.607791095465477549e-02
1.219999999999999973e+00,6.607943618686519527e-02
1.221999999999999975e+00,6.609533570387274293e-02
1.223999999999999977e+00,6.612675480148441642e-02
1.225999999999999979e+00,6.617413490681382793e-02
1.227999999999999980e+00,6.623647491873171922e-02
1.229999999999999982e+00,6.631051709050525544e-02
1.231999999999999984e+00,6.639063838905040482e-02
1.233999999999999986e+00,6.647084177562598284e-02
1.235999999999999988e+00,6.654484169502336566e-02
1.237999999999999989e+00,6.660579334785310390e-02
1.239999999999999991e+00,6.664802499661397206e-02
1.241999999999999993e+00,6.666721554214122269e-02
1.243999999999999995e+00,6.665986874848567334e-02
1.245999999999999996e+00,6.662360309843376460e-02
1.247999999999999998e+00,6.655792653134692816e-02
1.250000000000000000e+00,6.646332105578259264e-02
1.252000000000000002e+00,6.634053869764360012e-02
1.254000000000000004e+00,6.619088550471598220e-02
1.256000000000000005e+00,6.601716263657936290e-02
1.258000000000000007e+00,6.582210593960061140e-02
1.260000000000000009e+00,6.560706076390514230e-02
1.262000000000000011e+00,6.537204134829109614e-02
1.264000000000000012e+00,6.511740207152146021e-02
1.266000000000000014e+00,6.484511655974940780e-02
1.268000000000000016e+00,6.455693796747354052e-02
1.270000000000000018e+00,6.425354789037820979e-02
1.272000000000000020e+00,6.393511710583955898e-02
1.274000000000000021e+00,6.360110343794479759e-02
1.276000000000000023e+00,6.325123195822460187e-02
1.278000000000000025e+00,6.288648515846512188e-02
1.280000000000000027e+00,6.250940728162805715e-02
1.282000000000000028e+00,6.212342405270669665e-02
1.284000000000000030e+00,6.173259290331249705e-02
1.286000000000000032e+00,6.133980286218818079e-02
1.288000000000000034e+00,6.094771863171484505e-02
1.290000000000000036e+00,6.055966916172134118e-02
1.292000000000000037e+00,6.017851101562331911e-02
1.294000000000000039e+00,5.980749477266576047e-02
1.296000000000000041e+00,5.945024735105963742e-02
1.298000000000000043e+00,5.910868820967846160e-02
1.300000000000000044e+00,5.878367677997974050e-02
1.302000000000000046e+00,5.847472914436888103e-02
1.304000000000000048e+00,5.818002272839632033e-02
1.306000000000000050e+00,5.789812939705549222e-02
1.308000000000000052e+00,5.762750714724906853e-02
1.310000000000000053e+00,5.736591391443092436e-02
1.312000000000000055e+00,5.711099489094266513e-02
1.314000000000000057e+00,5.686133023525910546e-02
1.316000000000000059e+00,5.661673523652284434e-02
1.318000000000000060e+00,5.637635982600513324e-02
1.320000000000000062e+00,5.613912072571847212e-02
1.322000000000000064e+00,5.590604185665289105e-02
1.324000000000000066e+00,5.567946202229792640e-02
1.326000000000000068e+00,5.546111668204410650e-02
1.328000000000000069e+00,5.525225552289662889e-02
1.330000000000000071e+00,5.505202971653062882e-02
1.332000000000000073e+00,5.485808559072483104e-02
1.334000000000000075e+00,5.466754545079658550e-02
1.336000000000000076e+00,5.447637011690413533e-02
1.338000000000000078e+00,5.428114902955161192e-02
1.340000000000000080e+00,5.407967977669984883e-02
1.342000000000000082e+00,5.387021275315174301e-02
1.344000000000000083e+00,5.365108355956058755e-02
1.346000000000000085e+00,5.342090214574887058e-02
1.348000000000000087e+00,5.317778193040065271e-02
1.350000000000000089e+00,5.292016078672416579e-02
1.352000000000000091e+00,5.264618887302925654e-02
1.354000000000000092e+00,5.235249966441732350e-02
1.356000000000000094e+00,5.203642301759243971e-02
1.358000000000000096e+00,5.169734522511518909e-02
1.360000000000000098e+00,5.133620133975631827e-02
1.362000000000000099e+00,5.095440191203168268e-02
1.364000000000000101e+00,5.055330916220654447e-02
1.366000000000000103e+00,5.013388795633373640e-02
1.368000000000000105e+00,4.969692013775531270e-02
1.370000000000000107e+00,4.924308010929531743e-02
1.372000000000000108e+00,4.877314108128100179e-02
1.374000000000000110e+00,4.828897545940011304e-02
1.375999999999999890e+00,4.779305279271470891e-02
1.377999999999999892e+00,4.728759134596777214e-02
1.379999999999999893e+00,4.677531419985332672e-02
1.381999999999999895e+00,4.625938885618799401e-02
1.383999999999999897e+00,4.574329966180241958e-02
1.385999999999999899e+00,4.523028568822461126e-02
1.387999999999999901e+00,4.472332711929229154e-02
1.389999999999999902e+00,4.422453420475331437e-02
1.391999999999999904e+00,4.373565111442210412e-02
1.393999999999999906e+00,4.325685342460330873e-02
1.395999999999999908e+00,4.278794313561279372e-02
1.397999999999999909e+00,4.232833982666572847e-02
1.399999999999999911e+00,4.187683990289910868e-02
1.401999999999999913e+00,4.143176507318222651e-02
1.403999999999999915e+00,4.099156985173547929e-02
1.405999999999999917e+00,4.055477894924987281e-02
1.407999999999999918e+00,4.011979979384049100e-02
1.409999999999999920e+00,3.968554485823980876e-02
1.411999999999999922e+00,3.925217393495386564e-02
1.413999999999999924e+00,3.882172675797158912e-02
1.415999999999999925e+00,3.839606767061852499e-02
1.417999999999999927e+00,3.797852223514898429e-02
1.419999999999999929e+00,3.757289339527495470e-02
1.421999999999999931e+00,3.718169176448443691e-02
1.423999999999999932e+00,3.680701834139360473e-02
1.425999999999999934e+00,3.645124955505960745e-02
1.427999999999999936e+00,3.611558909620043306e-02
1.429999999999999938e+00,3.579960055433887428e-02
1.431999999999999940e+00,3.550191761406516072e-02
1.433999999999999941e+00,3.522101804432812427e-02
1.435999999999999943e+00,3.495664537762534912e-02
1.437999999999999945e+00,3.470901546646611158e-02
1.439999999999999947e+00,3.447805748967423811e-02
1.441999999999999948e+00,3.426343465380977255e-02
1.443999999999999950e+00,3.406366980757404017e-02
1.445999999999999952e+00,3.387586133834152857e-02
1.447999999999999954e+00,3.369645314239801126e-02
1.449999999999999956e+00,3.352235633544466131e-02
1.451999999999999957e+00,3.335123259691027964e-02
1.453999999999999959e+00,3.317999873758180340e-02
1.455999999999999961e+00,3.300500005839614864e-02
1.457999999999999963e+00,3.282242312085852098e-02
1.459999999999999964e+00,3.262850332137330611e-02
1.461999999999999966e+00,3.241960933290116004e-02
1.463999999999999968e+00,3.219285718058128437e-02
1.465999999999999970e+00,3.194661672166318467e-02
1.467999999999999972e+00,3.168078310749805615e-02
1.469999999999999973e+00,3.139629186837081254e-02
1.471999999999999975e+00,3.109465369564464940e-02
1.473999999999999977e+00,3.077877697406923921e-02
1.475999999999999979e+00,3.045185908635358180e-02
1.477999999999999980e+00,3.011663891037191093e-02
1.479999999999999982e+00,2.977445861945706568e-02
1.481999999999999984e+00,2.942658789490952553e-02
1.483999999999999986e+00,2.907405335718628303e-02
1.485999999999999988e+00,2.871787343603253786e-02
1.487999999999999989e+00,2.835831768438874800e-02
1.489999999999999991e+00,2.799516834938984081e-02
1.491999999999999993e+00,2.762883823810972223e-02
1.493999999999999995e+00,2.726034433433486767e-02
1.495999999999999996e+00,2.689015349694187651e-02
1.497999999999999998e+00,2.651777573663161025e-02
1.500000000000000000e+00,2.614261569274070607e-02
1.502000000000000002e+00,2.576335918115493784e-02
1.504000000000000004e+00,2.537868611729177104e-02
1.506000000000000005e+00,2.498723544411299291e-02
1.508000000000000007e+00,2.458902132549383585e-02
1.510000000000000009e+00,2.418491647033920583e-02
1.512000000000000011e+00,2.377602019154013979e-02
1.514000000000000012e+00,2.336289621819377660e-02
1.516000000000000014e+00,2.294553712936461126e-02
1.518000000000000016e+00,2.252321341165808982e-02
1.520000000000000018e+00,2.209651801037388480e-02
1.522000000000000020e+00,2.166858452358803519e-02
1.524000000000000021e+00,2.124388550308630927e-02
1.526000000000000023e+00,2.082593263939378631e-02
1.528000000000000025e+00,2.041773702725320841e-02
1.530000000000000027e+00,2.002108285649208813e-02
1.532000000000000028e+00,1.963703170339089685e-02
1.534000000000000030e+00,1.926662089479043438e-02
1.536000000000000032e+00,1.890997132865344932e-02
1.538000000000000034e+00,1.856594217885497444e-02
1.540000000000000036e+00,1.823348734065640894e-02
1.542000000000000037e+00,1.791163853233769879e-02
1.544000000000000039e+00,1.760001135576707426e-02
1.546000000000000041e+00,1.729833717429206039e-02
1.548000000000000043e+00,1.700629632158276797e-02
1.550000000000000044e+00,1.672322974986544669e-02
1.552000000000000046e+00,1.644763685653375523e-02
1.554000000000000048e+00,1.617654323090832527e-02
1.556000000000000050e+00,1.590699578687269911e-02
1.558000000000000052e+00,1.563741076313264478e-02
1.560000000000000053e+00,1.536746909451220180e-02
1.562000000000000055e+00,1.509782045596616377e-02
1.564000000000000057e+00,1.482956192179624502e-02
1.566000000000000059e+00,1.456266190220942107e-02
1.568000000000000060e+00,1.429621854671878599e-02
1.570000000000000062e+00,1.402899285020664348e-02
1.572000000000000064e+00,1.375957893426183083e-02
1.574000000000000066e+00,1.348630475716955032e-02
1.576000000000000068e+00,1.320819432462113502e-02
1.578000000000000069e+00,1.292562145411133186e-02
1.580000000000000071e+00,1.263945339560677145e-02
1.582000000000000073e+00,1.235050045836949204e-02
1.584000000000000075e+00,1.205891836853971791e-02
1.586000000000000076e+00,1.176361449804839455e-02
1.588000000000000078e+00,1.146239163026716371e-02
1.590000000000000080e+00,1.115262933869218612e-02
1.592000000000000082e+00,1.083138978193565714e-02
1.594000000000000083e+00,1.049505830977523306e-02
1.596000000000000085e+00,1.014085988869154777e-02
1.598000000000000087e+00,9.766759167244818546e-03
1.600000000000000089e+00,9.372189711676089108e-03
1.602000000000000091e+00,8.957481540742676107e-03
1.604000000000000092e+00,8.524585035997216814e-03
1.606000000000000094e+00,8.075409643106320340e-03
1.608000000000000096e+00,7.612133919215304662e-03
1.610000000000000098e+00,7.137675017449414752e-03
1.612000000000000099e+00,6.656012239924428628e-03
1.614000000000000101e+00,6.171953569803748443e-03
1.616000000000000103e+00,5.690415145923713100e-03
1.618000000000000105e+00,5.216453023508472314e-03
1.620000000000000107e+00,4.753713248292284858e-03
1.622000000000000108e+00,4.305154657831527371e-03
1.624000000000000110e+00,3.872577341086617594e-03
1.625999999999999890e+00,3.456699726274972163e-03
1.627999999999999892e+00,3.058436824794893288e-03
1.629999999999999893e+00,2.679027928493188208e-03
1.631999999999999895e+00,2.319091036312295739e-03
1.633999999999999897e+00,1.979495335129966265e-03
1.635999999999999899e+00,1.661288756244178955e-03
1.637999999999999901e+00,1.364105765073754355e-03
1.639999999999999902e+00,1.087676904909647742e-03
1.641999999999999904e+00,8.321003510210033937e-04
1.643999999999999906e+00,5.974072207483082991e-04
1.645999999999999908e+00,3.831584600548705350e-04
1.647999999999999909e+00,1.877344583516486840e-04
1.649999999999999911e+00,1.054711757623286758e-05
1.651999999999999913e+00,-1.489531040825769028e-04
1.653999999999999915e+00,-2.921441235733425717e-04
1.655999999999999917e+00,-4.200315298594029531e-04
1.657999999999999918e+00,-5.337890546677972071e-04
1.659999999999999920e+00,-6.353450549644943778e-04
1.661999999999999922e+00,-7.261177124600393974e-04
1.663999999999999924e+00,-8.070111237520315737e-04
1.665999999999999925e+00,-8.787828910201169992e-04
1.667999999999999927e+00,-9.427576192721601493e-04
1.669999999999999929e+00,-1.000046158196856317e-03
1.671999999999999931e+00,-1.050651815841022229e-03
1.673999999999999932e+00,-1.093764579357285344e-03
1.675999999999999934e+00,-1.127892538867598460e-03
1.677999999999999936e+00,-1.150804245470784821e-03
1.679999999999999938e+00,-1.159795494684465840e-03
1.681999999999999940e+00,-1.152054762662453168e-03
1.683999999999999941e+00,-1.126181072266935028e-03
1.685999999999999943e+00,-1.081286131412069257e-03
1.687999999999999945e+00,-1.019124555800436649e-03
1.689999999999999947e+00,-9.418300806744901461e-04
1.691999999999999948e+00,-8.518470193446191999e-04
1.693999999999999950e+00,-7.515234721666650677e-04
1.695999999999999952e+00,-6.429824290045452716e-04
1.697999999999999954e+00,-5.272908101596001339e-04
1.699999999999999956e+00,-4.055741078587681578e-04
1.701999999999999957e+00,-2.792966039152554271e-04
1.703999999999999959e+00,-1.503774357019356175e-04
1.705999999999999961e+00,-2.130571282125396485e-05
1.707999999999999963e+00,1.057993381297053412e-04
1.709999999999999964e+00,2.297838629015526804e-04
1.711999999999999966e+00,3.500437874982001906e-04
1.713999999999999968e+00,4.661244988032929928e-04
1.715999999999999970e+00,5.780880538631351286e-04
1.717999999999999972e+00,6.867746333680574584e-04
1.719999999999999973e+00,7.929070445251410913e-04
1.721999999999999975e+00,8.964421798864822362e-04
1.723999999999999977e+00,9.972288832807468979e-04
1.725999999999999979e+00,1.094637722827874679e-03
1.727999999999999980e+00,1.188009724863936523e-03
1.729999999999999982e+00,1.277661142552033360e-03
1.731999999999999984e+00,1.363956716444208149e-03
1.733999999999999986e+00,1.446978386950181772e-03
1.735999999999999988e+00,1.526093080929393029e-03
1.737999999999999989e+00,1.599591909055619442e-03
1.739999999999999991e+00,1.666031132736333319e-03
1.741999999999999993e+00,1.724492150922423209e-03
1.743999999999999995e+00,1.775064340601031562e-03
1.745999999999999996e+00,1.817899763445682097e-03
1.747999999999999998e+00,1.852067351518068986e-03
1.750000000000000000e+00,1.877070825334400863e-03
1.752000000000000002e+00,1.892341518665865540e-03
1.754000000000000004e+00,1.896927773416917607e-03
1.756000000000000005e+00,1.890070340231215801e-03
1.758000000000000007e+00,1.870879276659514296e-03
1.760000000000000009e+00,1.838696501041013707e-03
1.762000000000000011e+00,1.793232086075168766e-03
1.764000000000000012e+00,1.734327074129393730e-03
1.766000000000000014e+00,1.662835822125620063e-03
1.768000000000000016e+00,1.579793879036059563e-03
1.770000000000000018e+00,1.485167587026526475e-03
1.772000000000000020e+00,1.378193100391864739e-03
1.774000000000000021e+00,1.258737719958945983e-03
1.776000000000000023e+00,1.127740617461981190e-03
1.778000000000000025e+00,9.861312117531244835e-04
1.780000000000000027e+00,8.338646485092528335e-04
1.782000000000000028e+00,6.703445164485550547e-04
1.784000000000000030e+00,4.950357923719595019e-04
1.786000000000000032e+00,3.075479094607173219e-04
1.788000000000000034e+00,1.089617314386477572e-04
1.790000000000000036e+00,-9.836553727921491742e-05
1.792000000000000037e+00,-3.127568348433520267e-04
1.794000000000000039e+00,-5.320435207266445855e-04
1.796000000000000041e+00,-7.536084826902329564e-04
1.798000000000000043e+00,-9.743422660989837798e-04
1.800000000000000044e+00,-1.190959665961193858e-03
1.802000000000000046e+00,-1.400955133716702593e-03
1.804000000000000048e+00,-1.602731724701251734e-03
1.806000000000000050e+00,-1.794773074142982277e-03
1.808000000000000052e+00,-1.975092480690215837e-03
1.810000000000000053e+00,-2.141271522388391805e-03
1.812000000000000055e+00,-2.290647012760863802e-03
1.814000000000000057e+00,-2.420774253268925466e-03
1.816000000000000059e+00,-2.530854736679942658e-03
1.818000000000000060e+00,-2.621439074630278667e-03
1.820000000000000062e+00,-2.693254343256767588e-03
1.822000000000000064e+00,-2.746677417930203785e-03
1.824000000000000066e+00,-2.781661126390150458e-03
1.826000000000000068e+00,-2.798398391582406376e-03
1.828000000000000069e+00,-2.797359779061458704e-03
1.830000000000000071e+00,-2.779623027832117850e-03
1.832000000000000073e+00,-2.746020152920165304e-03
1.834000000000000075e+00,-2.696522273971453405e-03
1.836000000000000076e+00,-2.630377230021137703e-03
1.838000000000000078e+00,-2.546583411352362596e-03
1.840000000000000080e+00,-2.444296031893853759e-03
1.842000000000000082e+00,-2.322752572184957377e-03
1.844000000000000083e+00,-2.181891349205818814e-03
1.846000000000000085e+00,-2.022014117043567476e-03
1.848000000000000087e+00,-1.844814957537302446e-03
1.850000000000000089e+00,-1.652722751257230602e-03
1.852000000000000091e+00,-1.448132283232446806e-03
1.854000000000000092e+00,-1.233299595491369307e-03
1.856000000000000094e+00,-1.010210348719826987e-03
1.858000000000000096e+00,-7.808364061384335695e-04
1.860000000000000098e+00,-5.464410253122903988e-04
1.862000000000000099e+00,-3.083760775172743004e-04
1.864000000000000101e+00,-6.880652902953325243e-05
1.866000000000000103e+00,1.701899622664471135e-04
1.868000000000000105e+00,4.071934083034340073e-04
1.870000000000000107e+00,6.413412139100686110e-04
1.872000000000000108e+00,8.719481468397796958e-04
1.874000000000000110e+00,1.097486882166111809e-03
1.875999999999999890e+00,1.315821381295823262e-03
1.877999999999999892e+00,1.525111652832266762e-03
1.879999999999999893e+00,1.724145526240245885e-03
1.881999999999999895e+00,1.912173958215570343e-03
1.883999999999999897e+00,2.088627807650463887e-03
1.885999999999999899e+00,2.253647187350812930e-03
1.887999999999999901e+00,2.406954172922181126e-03
1.889999999999999902e+00,2.548697297687533853e-03
1.891999999999999904e+00,2.678714659086658956e-03
1.893999999999999906e+00,2.797799974235941605e-03
1.895999999999999908e+00,2.907591382992400116e-03
1.897999999999999909e+00,3.010412900559126040e-03
1.899999999999999911e+00,3.108119566393265087e-03
1.901999999999999913e+00,3.200418213172394680e-03
1.903999999999999915e+00,3.286666200299425203e-03
1.905999999999999917e+00,3.365895694562303329e-03
1.907999999999999918e+00,3.437788846011788618e-03
1.909999999999999920e+00,3.502129985664890945e-03
1.911999999999999922e+00,3.557928810691404764e-03
1.913999999999999924e+00,3.603682844162997296e-03
1.915999999999999925e+00,3.638272413723065909e-03
1.917999999999999927e+00,3.660793759037015392e-03
1.919999999999999929e+00,3.670880579692181473e-03
1.921999999999999931e+00,3.669095935332020424e-03
1.923999999999999932e+00,3.656254774021437497e-03
1.925999999999999934e+00,3.632738974536691735e-03
1.927999999999999936e+00,3.598085702440296900e-03
1.929999999999999938e+00,3.551737371029503251e-03
1.931999999999999940e+00,3.493244930692940634e-03
1.933999999999999941e+00,3.421868922679222741e-03
1.935999999999999943e+00,3.337030974395765841e-03
1.937999999999999945e+00,3.239581644058455931e-03
1.939999999999999947e+00,3.131192115071911725e-03
1.941999999999999948e+00,3.013550037567995412e-03
1.943999999999999950e+00,2.888086013723808760e-03
1.945999999999999952e+00,2.755999838175715762e-03
1.947999999999999954e+00,2.619417345335493027e-03
1.949999999999999956e+00,2.480751794462978266e-03
1.951999999999999957e+00,2.341403268648936144e-03
1.953999999999999959e+00,2.201983541251786684e-03
1.955999999999999961e+00,2.063599885559355609e-03
1.957999999999999963e+00,1.927526333892684704e-03
1.959999999999999964e+00,1.794745288461103028e-03
1.961999999999999966e+00,1.665572866507936947e-03
1.963999999999999968e+00,1.540404374628764200e-03
1.965999999999999970e+00,1.419589049260579086e-03
1.967999999999999972e+00,1.303092164427203676e-03
1.969999999999999973e+00,1.190533794090370629e-03
1.971999999999999975e+00,1.082368538216903122e-03
1.973999999999999977e+00,9.800436464168537417e-04
1.975999999999999979e+00,8.848487699394813480e-04
1.977999999999999980e+00,7.978546780927284199e-04
1.979999999999999982e+00,7.203498628492353232e-04
1.981999999999999984e+00,6.540229105389080326e-04
1.983999999999999986e+00,6.003648678840201166e-04
1.985999999999999988e+00,5.607951969466834627e-04
1.987999999999999989e+00,5.375277521357659872e-04
1.989999999999999991e+00,5.335278369436472021e-04
1.991999999999999993e+00,5.506838718199318387e-04
1.993999999999999995e+00,5.904770475957150802e-04
1.995999999999999996e+00,6.538573042407596313e-04
1.997999999999999998e+00,7.409344941731266319e-04
2.000000000000000000e+00,8.512920371599115620e-04
2.001999999999999780e+00,9.840329752208614496e-04
2.004000000000000004e+00,1.138092123947580768e-03
2.005999999999999783e+00,1.312628290573307531e-03
2.008000000000000007e+00,1.506489277623341595e-03
2.009999999999999787e+00,1.718370829698996887e-03
2.012000000000000011e+00,1.946962071068163071e-03
2.013999999999999790e+00,2.191052611117283704e-03
2.016000000000000014e+00,2.448327766129933074e-03
2.017999999999999794e+00,2.715640832957317338e-03
2.020000000000000018e+00,2.990223297734604952e-03
2.021999999999999797e+00,3.269271873220158317e-03
2.024000000000000021e+00,3.549311691138334370e-03
2.025999999999999801e+00,3.826909645051670365e-03
2.028000000000000025e+00,4.098721521110551026e-03
2.029999999999999805e+00,4.360456739512835918e-03
2.032000000000000028e+00,4.608154824917267897e-03
2.033999999999999808e+00,4.838893873019192021e-03
2.036000000000000032e+00,5.049930683218737011e-03
2.037999999999999812e+00,5.238951031776656331e-03
2.040000000000000036e+00,5.403715782850796248e-03
2.041999999999999815e+00,5.542707963933544112e-03
2.044000000000000039e+00,5.655036778661257438e-03
2.045999999999999819e+00,5.740115097441923948e-03
2.048000000000000043e+00,5.797380708590961496e-03
2.049999999999999822e+00,5.826613407998965793e-03
2.052000000000000046e+00,5.828092611695739195e-03
2.053999999999999826e+00,5.802663993102260588e-03
2.056000000000000050e+00,5.752177373705370279e-03
2.057999999999999829e+00,5.678703791014105134e-03
2.060000000000000053e+00,5.585570334128125113e-03
2.061999999999999833e+00,5.477307599816430735e-03
2.064000000000000057e+00,5.359047944426400395e-03
2.065999999999999837e+00,5.235175066789659638e-03
2.068000000000000060e+00,5.109157279321381584e-03
2.069999999999999840e+00,4.983145898792816671e-03
2.072000000000000064e+00,4.858384156418391574e-03
2.073999999999999844e+00,4.735965428593814051e-03
2.076000000000000068e+00,4.616669106356816911e-03
2.077999999999999847e+00,4.500613935641856189e-03
2.080000000000000071e+00,4.388227769163694295e-03
2.081999999999999851e+00,4.278825059436002984e-03
2.084000000000000075e+00,4.171703525892158509e-03
2.085999999999999854e+00,4.066067583276762425e-03
2.088000000000000078e+00,3.960772959238338491e-03
2.089999999999999858e+00,3.855726050454365370e-03
2.092000000000000082e+00,3.751536207417470979e-03
2.093999999999999861e+00,3.648673990017330549e-03
2.096000000000000085e+00,3.547895905727905565e-03
2.097999999999999865e+00,3.450023803503413956e-03
2.100000000000000089e+00,3.356385654077974866e-03
2.101999999999999869e+00,3.268082356711707760e-03
2.104000000000000092e+00,3.186261945779702513e-03
2.105999999999999872e+00,3.112275092853590119e-03
2.108000000000000096e+00,3.046772939907136171e-03
2.109999999999999876e+00,2.989038239530774840e-03
2.112000000000000099e+00,2.938227708753059567e-03
2.113999999999999879e+00,2.893615205046188785e-03
2.116000000000000103e+00,2.853806767293306113e-03
2.117999999999999883e+00,2.816575239068576115e-03
2.120000000000000107e+00,2.780352430495720926e-03
2.121999999999999886e+00,2.743892131719652926e-03
2.124000000000000110e+00,2.705160976228956470e-03
2.125999999999999890e+00,2.661889624391141403e-03
2.128000000000000114e+00,2.612775277231602598e-03
2.129999999999999893e+00,2.557171540917532130e-03
2.132000000000000117e+00,2.494444699457496004e-03
2.133999999999999897e+00,2.423844099405364234e-03
2.136000000000000121e+00,2.345004718144304799e-03
2.137999999999999901e+00,2.257871356402598242e-03
2.140000000000000124e+00,2.162597120095568950e-03
2.141999999999999904e+00,2.059483218366203565e-03
2.144000000000000128e+00,1.948987891951945144e-03
2.145999999999999908e+00,1.832410036008356481e-03
2.148000000000000131e+00,1.711318438699781881e-03
2.149999999999999911e+00,1.586718455181952009e-03
2.152000000000000135e+00,1.459931136057556530e-03
2.153999999999999915e+00,1.332709761675790429e-03
2.156000000000000139e+00,1.207580122063534392e-03
2.157999999999999918e+00,1.086268208768733029e-03
2.160000000000000142e+00,9.698238630902964721e-04
2.161999999999999922e+00,8.591767512661859950e-04
2.164000000000000146e+00,7.550383049632974301e-04
2.165999999999999925e+00,6.579108057650507593e-04
2.168000000000000149e+00,5.682976177704707893e-04
2.169999999999999929e+00,4.860303167072803354e-04
2.172000000000000153e+00,4.106374042327138631e-04
2.173999999999999932e+00,3.423994627210604283e-04
2.176000000000000156e+00,2.815730175199632592e-04
2.177999999999999936e+00,2.279665505654503458e-04
2.180000000000000160e+00,1.812656507881483126e-04
2.181999999999999940e+00,1.411441211285951395e-04
2.184000000000000163e+00,1.071606909979985365e-04
2.185999999999999943e+00,7.886925984472293433e-05
2.188000000000000167e+00,5.592921745131276064e-05
2.189999999999999947e+00,3.849762815806181515e-05
2.192000000000000171e+00,2.700203259338532371e-05
2.193999999999999950e+00,2.203436301339232182e-05
2.196000000000000174e+00,2.454018986629401486e-05
2.197999999999999954e+00,3.519214959878217168e-05
2.200000000000000178e+00,5.359646449572270092e-05
2.201999999999999957e+00,7.951626268266347880e-05
2.204000000000000181e+00,1.128006456448045106e-04
2.205999999999999961e+00,1.542180969003925151e-04
2.208000000000000185e+00,2.047388326961040357e-04
2.209999999999999964e+00,2.646489335883194763e-04
2.212000000000000188e+00,3.338783397650571440e-04
2.213999999999999968e+00,4.117296172701546964e-04
2.216000000000000192e+00,4.973251679610552877e-04
2.217999999999999972e+00,5.898144430723116158e-04
2.220000000000000195e+00,6.883272478116098537e-04
2.221999999999999975e+00,7.917939353554165468e-04
2.224000000000000199e+00,8.996894901287222877e-04
2.225999999999999979e+00,1.011862013574306484e-03
2.228000000000000203e+00,1.128204390605459491e-03
2.229999999999999982e+00,1.247754561829227896e-03
2.232000000000000206e+00,1.369605110259071706e-03
2.233999999999999986e+00,1.492502445149260270e-03
2.236000000000000210e+00,1.615064787293474594e-03
2.237999999999999989e+00,1.736352466232152095e-03
2.240000000000000213e+00,1.855040909476497225e-03
2.241999999999999993e+00,1.970146410991835059e-03
2.244000000000000217e+00,2.080505339782014011e-03
2.245999999999999996e+00,2.184031178027668902e-03
2.248000000000000220e+00,2.278348240335031742e-03
2.250000000000000000e+00,2.362198580701508396e-03
2.251999999999999780e+00,2.435364358594649392e-03
2.254000000000000004e+00,2.497809042480976776e-03
2.255999999999999783e+00,2.549442381350525665e-03
2.258000000000000007e+00,2.590398177543569956e-03
2.259999999999999787e+00,2.620735510720516130e-03
2.262000000000000011e+00,2.641041191094165019e-03
2.263999999999999790e+00,2.651730544811741874e-03
2.266000000000000014e+00,2.651875850256156433e-03
2.267999999999999794e+00,2.640133027755522076e-03
2.270000000000000018e+00,2.615533939205846523e-03
2.271999999999999797e+00,2.578534151792762769e-03
2.274000000000000021e+00,2.530022229992074257e-03
2.275999999999999801e+00,2.470661052206460807e-03
2.278000000000000025e+00,2.401079731703778704e-03
2.279999999999999805e+00,2.321423424289772997e-03
2.282000000000000028e+00,2.231773417310746119e-03
2.283999999999999808e+00,2.132543368645289841e-03
2.286000000000000032e+00,2.024029450979185959e-03
2.287999999999999812e+00,1.906511567483443539e-03
2.290000000000000036e+00,1.780168233797504085e-03
2.291999999999999815e+00,1.645489329981753056e-03
2.294000000000000039e+00,1.503503334215742105e-03
2.295999999999999819e+00,1.354874985788631116e-03
2.298000000000000043e+00,1.199835055380086375e-03
2.299999999999999822e+00,1.038768124826588111e-03
2.302000000000000046e+00,8.727367528917832473e-04
2.303999999999999826e+00,7.035506665128948411e-04
2.306000000000000050e+00,5.327315937551775583e-04
2.307999999999999829e+00,3.614976013188237391e-04
2.310000000000000053e+00,1.909641632414488515e-04
2.311999999999999833e+00,2.260060478604020132e-05
2.314000000000000057e+00,-1.418774255017877725e-04
2.315999999999999837e+00,-3.010290615105008154e-04
2.318000000000000060e+00,-4.543131805341587746e-04
2.319999999999999840e+00,-6.018901262058742006e-04
2.322000000000000064e+00,-7.447917282985127164e-04
2.323999999999999844e+00,-8.837493895890561908e-04
2.326000000000000068e+00,-1.019279633607285017e-03
2.327999999999999847e+00,-1.151269667497485790e-03
2.330000000000000071e+00,-1.279209292653083092e-03
2.331999999999999851e+00,-1.402018412184905232e-03
2.334000000000000075e+00,-1.518654261014404025e-03
2.335999999999999854e+00,-1.628369023910744432e-03
2.338000000000000078e+00,-1.731098924262176268e-03
2.339999999999999858e+00,-1.827070337974481817e-03
2.342000000000000082e+00,-1.916485094590704083e-03
2.343999999999999861e+00,-1.999405782205749063e-03
2.346000000000000085e+00,-2.075935715173391968e-03
2.347999999999999865e+00,-2.146439133177912694e-03
2.350000000000000089e+00,-2.211361303983471437e-03
2.351999999999999869e+00,-2.270400964845974926e-03
2.354000000000000092e+00,-2.321350776448499915e-03
2.355999999999999872e+00,-2.361080569467979059e-03
2.358000000000000096e+00,-2.387045546954677695e-03
2.359999999999999876e+00,-2.396417766437921454e-03
2.362000000000000099e+00,-2.387100009992615748e-03
2.363999999999999879e+00,-2.358190225521893287e-03
2.366000000000000103e+00,-2.310401460732673488e-03
2.367999999999999883e+00,-2.245287387730905866e-03
2.370000000000000107e+00,-2.164329535240019833e-03
2.371999999999999886e+00,-2.068419666485595172e-03
2.374000000000000110e+00,-1.958482701805265049e-03
2.375999999999999890e+00,-1.836031120479823505e-03
2.378000000000000114e+00,-1.703147492785292731e-03
2.379999999999999893e+00,-1.562373746562574928e-03
2.382000000000000117e+00,-1.415973962851765390e-03
2.383999999999999897e+00,-1.265718286191420483e-03
2.386000000000000121e+00,-1.113189880378449067e-03
2.387999999999999901e+00,-9.598898987805053271e-04
2.390000000000000124e+00,-8.067519749847276928e-04
2.391999999999999904e+00,-6.548122999846704099e-04
2.394000000000000128e+00,-5.056229558837502507e-04
2.395999999999999908e+00,-3.610596103154092135e-04
2.398000000000000131e+00,-2.223726491156366534e-04
2.399999999999999911e+00,-9.182712665933426613e-05
2.402000000000000135e+00,2.814173173841801414e-05
2.403999999999999915e+00,1.348102157095182731e-04
2.406000000000000139e+00,2.261905942902654916e-04
2.407999999999999918e+00,3.004939476540632783e-04
2.410000000000000142e+00,3.562289908796751237e-04
2.411999999999999922e+00,3.924521998389428139e-04
2.414000000000000146e+00,4.083462947643321070e-04
2.415999999999999925e+00,4.032975106705259378e-04
2.418000000000000149e+00,3.772581179475458803e-04
2.419999999999999929e+00,3.310047336186267074e-04
2.422000000000000153e+00,2.653457422889960587e-04
2.423999999999999932e+00,1.811108301374692421e-04
2.426000000000000156e+00,7.986966928136262093e-05
2.427999999999999936e+00,-3.597859733508018936e-05
2.430000000000000160e+00,-1.643258770629640810e-04
2.431999999999999940e+00,-3.035883187162204426e-04
2.434000000000000163e+00,-4.521587146420809485e-04
2.435999999999999943e+00,-6.073293084438756775e-04
2.438000000000000167e+00,-7.657670172606668426e-04
2.439999999999999947e+00,-9.230483472776555148e-04
2.442000000000000171e+00,-1.075511776380884193e-03
2.443999999999999950e+00,-1.220238167920850193e-03
2.446000000000000174e+00,-1.354168759436352558e-03
2.447999999999999954e+00,-1.475198275523141459e-03
2.450000000000000178e+00,-1.581610980612571183e-03
2.451999999999999957e+00,-1.672471248957258698e-03
2.454000000000000181e+00,-1.747616016270139546e-03
2.455999999999999961e+00,-1.807473742655823102e-03
2.458000000000000185e+00,-1.852298277788785950e-03
2.459999999999999964e+00,-1.882538919652874693e-03
2.462000000000000188e+00,-1.899275695384555459e-03
2.463999999999999968e+00,-1.903831365788626094e-03
2.466000000000000192e+00,-1.898076450486867271e-03
2.467999999999999972e+00,-1.884122314903329768e-03
2.470000000000000195e+00,-1.863599140699346776e-03
2.471999999999999975e+00,-1.837818031913111870e-03
2.474000000000000199e+00,-1.808239391987850712e-03
2.475999999999999979e+00,-1.775778015238308871e-03
2.478000000000000203e+00,-1.741263244939219353e-03
2.479999999999999982e+00,-1.705535022533405907e-03
2.482000000000000206e+00,-1.669870315315546624e-03
2.483999999999999986e+00,-1.634969569831516397e-03
2.486000000000000210e+00,-1.601444410136908421e-03
2.487999999999999989e+00,-1.570486718594877673e-03
2.490000000000000213e+00,-1.543084898918346132e-03
2.491999999999999993e+00,-1.519933086566126667e-03
2.494000000000000217e+00,-1.501926281483398004e-03
2.495999999999999996e+00,-1.489344833145829971e-03
2.498000000000000220e+00,-1.482353979014711370e-03
2.500000000000000000e+00,-1.481592418789783559e-03
2.501999999999999780e+00,-1.487558793566069130e-03
2.504000000000000004e+00,-1.500101836339465125e-03
2.505999999999999783e+00,-1.518769823461867596e-03
2.508000000000000007e+00,-1.542822893984464481e-03
2.509999999999999787e+00,-1.571511497835708033e-03
2.512000000000000011e+00,-1.603416489162741865e-03
2.513999999999999790e+00,-1.637116709206195382e-03
2.516000000000000014e+00,-1.672076222835574416e-03
2.517999999999999794e+00,-1.707738446330090603e-03
2.520000000000000018e+00,-1.743779823524164649e-03
2.521999999999999797e+00,-1.780000846142077309e-03
2.524000000000000021e+00,-1.816002208106610441e-03
2.525999999999999801e+00,-1.850980684787258482e-03
2.528000000000000025e+00,-1.884021046457661983e-03
2.529999999999999805e+00,-1.914507283395175136e-03
2.532000000000000028e+00,-1.942451686728275360e-03
2.533999999999999808e+00,-1.968727163126491458e-03
2.536000000000000032e+00,-1.993704820919082066e-03
2.537999999999999812e+00,-2.017092561837980930e-03
2.540000000000000036e+00,-2.038897456398348386e-03
2.541999999999999815e+00,-2.059372495682655364e-03
2.544000000000000039e+00,-2.078947443694655929e-03
2.545999999999999819e+00,-2.097691602048005251e-03
2.548000000000000043e+00,-2.115687886943424297e-03
2.549999999999999822e+00,-2.132804321664259761e-03
2.552000000000000046e+00,-2.148437700080837055e-03
2.553999999999999826e+00,-2.161927392896193130e-03
2.556000000000000050e+00,-2.172738422852617951e-03
2.557999999999999829e+00,-2.179572603812067466e-03
2.560000000000000053e+00,-2.181335243784808271e-03
2.561999999999999833e+00,-2.177283726952813393e-03
2.564000000000000057e+00,-2.167451444447917631e-03
2.565999999999999837e+00,-2.151915679733315545e-03
2.568000000000000060e+00,-2.129980180199658648e-03
2.569999999999999840e+00,-2.100915336609831662e-03
2.572000000000000064e+00,-2.064360770375946955e-03
2.573999999999999844e+00,-2.019767093816939463e-03
2.576000000000000068e+00,-1.966626987783319080e-03
2.577999999999999847e+00,-1.904772312211591104e-03
2.580000000000000071e+00,-1.834417619600402314e-03
2.581999999999999851e+00,-1.755591140339591216e-03
2.584000000000000075e+00,-1.668260635342116343e-03
2.585999999999999854e+00,-1.573124808920676066e-03
2.588000000000000078e+00,-1.471710572166926023e-03
2.589999999999999858e+00,-1.365086853306221636e-03
2.592000000000000082e+00,-1.253874460117838235e-03
2.593999999999999861e+00,-1.139177173895215616e-03
2.596000000000000085e+00,-1.022512313206368120e-03
2.597999999999999865e+00,-9.055535410451350398e-04
2.600000000000000089e+00,-7.900733547979643060e-04
2.601999999999999869e+00,-6.777517164329144956e-04
2.604000000000000092e+00,-5.701170650304655807e-04
2.605999999999999872e+00,-4.678953828491666674e-04
2.608000000000000096e+00,-3.715442909646258932e-04
2.609999999999999876e+00,-2.817831048761562304e-04
2.612000000000000099e+00,-1.989713694710833018e-04
2.613999999999999879e+00,-1.232113269994538512e-04
2.616000000000000103e+00,-5.464746303171312390e-05
2.617999999999999883e+00,5.783564569802811580e-06
2.620000000000000107e+00,5.730645842099776633e-05
2.621999999999999886e+00,9.956833534037897945e-05
2.624000000000000110e+00,1.325946343337731557e-04
2.625999999999999890e+00,1.571364647686096874e-04
2.628000000000000114e+00,1.744517149814572593e-04
2.629999999999999893e+00,1.862226272017002647e-04
2.632000000000000117e+00,1.941249678816483635e-04
2.633999999999999897e+00,2.000280893509900839e-04
2.636000000000000121e+00,2.055789192662686455e-04
2.637999999999999901e+00,2.120275218043394779e-04
2.640000000000000124e+00,2.202139121919042338e-04
2.641999999999999904e+00,2.309421362906941564e-04
2.644000000000000128e+00,2.444322560035608999e-04
2.645999999999999908e+00,2.603329357217690036e-04
2.648000000000000131e+00,2.784685430619542696e-04
2.649999999999999911e+00,2.989712135979441629e-04
2.652000000000000135e+00,3.220779678395635243e-04
2.653999999999999915e+00,3.482232156773820849e-04
2.656000000000000139e+00,3.781465125862389109e-04
2.657999999999999918e+00,4.119015802588941555e-04
2.660000000000000142e+00,4.486792040726307607e-04
2.661999999999999922e+00,4.868859022189276579e-04
2.664000000000000146e+00,5.250481493468637248e-04
2.665999999999999925e+00,5.619284801011628768e-04
2.668000000000000149e+00,5.967377241429602927e-04
2.669999999999999929e+00,6.286785642443097231e-04
2.672000000000000153e+00,6.560135592540794567e-04
2.673999999999999932e+00,6.773018866134964322e-04
2.676000000000000156e+00,6.916213048202227848e-04
2.677999999999999936e+00,6.984990202898417417e-04
2.680000000000000160e+00,6.978572986278946261e-04
2.681999999999999940e+00,6.895162686993561033e-04
2.684000000000000163e+00,6.732737716148075877e-04
2.685999999999999943e+00,6.487721481716398220e-04
2.688000000000000167e+00,6.156366924705504364e-04
2.689999999999999947e+00,5.746517844114445691e-04
2.692000000000000171e+00,5.273420365933556044e-04
2.693999999999999950e+00,4.750871180126368942e-04
2.696000000000000174e+00,4.194194397477693168e-04
2.697999999999999954e+00,3.623777281088582432e-04
2.700000000000000178e+00,3.060691220898320727e-04
2.701999999999999957e+00,2.518728873306887877e-04
2.704000000000000181e+00,2.006837090951307605e-04
2.705999999999999961e+00,1.533698363351706747e-04
2.708000000000000185e+00,1.105229007936186077e-04
2.709999999999999964e+00,7.256825318747609855e-05
2.712000000000000188e+00,3.990225522449751343e-05
2.713999999999999968e+00,1.311003999969384089e-05
2.716000000000000192e+00,-7.286456797045380969e-06
2.717999999999999972e+00,-2.071886382057148339e-05
2.720000000000000195e+00,-2.717129991416218109e-05
2.721999999999999975e+00,-2.751194183998074960e-05
2.724000000000000199e+00,-2.317256513459902404e-05
2.725999999999999979e+00,-1.532007498615246908e-05
2.728000000000000203e+00,-4.925218382627682602e-06
2.729999999999999982e+00,7.237085772392920139e-06
2.732000000000000206e+00,2.083019962163935006e-05
2.733999999999999986e+00,3.524424675322334661e-05
2.736000000000000210e+00,4.958054739136942449e-05
2.737999999999999989e+00,6.237073535349380970e-05
2.740000000000000213e+00,7.195013069029597462e-05
2.741999999999999993e+00,7.739702994824184832e-05
2.744000000000000217e+00,7.870662766158247308e-05
2.745999999999999996e+00,7.635852321046684402e-05
2.748000000000000220e+00,7.103396174426348793e-05
2.750000000000000000e+00,6.363093650688774405e-05
2.751999999999999780e+00,5.458340211628479147e-05
2.754000000000000004e+00,4.420845087762186694e-05
2.755999999999999783e+00,3.230750618557114091e-05
2.758000000000000007e+00,1.896870352391935298e-05
2.759999999999999787e+00,4.620856677752917802e-06
2.762000000000000011e+00,-1.045930799759671529e-05
2.763999999999999790e+00,-2.525939748650814473e-05
2.766000000000000014e+00,-3.858200576855224582e-05
2.767999999999999794e+00,-5.004430611947935148e-05
2.770000000000000018e+00,-5.949318205375331964e-05
2.771999999999999797e+00,-6.668429702072926077e-05
2.774000000000000021e+00,-7.113166286253360076e-05
2.775999999999999801e+00,-7.293497030324587590e-05
2.778000000000000025e+00,-7.239463492352715039e-05
2.779999999999999805e+00,-7.018589430871939789e-05
2.782000000000000028e+00,-6.745171546845379852e-05
2.783999999999999808e+00,-6.518799642718449460e-05
2.786000000000000032e+00,-6.388153045506871205e-05
2.787999999999999812e+00,-6.379209862439196661e-05
2.790000000000000036e+00,-6.548805221834173200e-05
2.791999999999999815e+00,-6.952403828593252345e-05
2.794000000000000039e+00,-7.551171848840278200e-05
2.795999999999999819e+00,-8.256351455590637634e-05
2.798000000000000043e+00,-9.046959335000853480e-05
2.799999999999999822e+00,-9.925927227029354325e-05
2.802000000000000046e+00,-1.084637824685024619e-04
2.803999999999999826e+00,-1.172773517203160211e-04
2.806000000000000050e+00,-1.250124983213047138e-04
2.807999999999999829e+00,-1.312591813006426555e-04
2.810000000000000053e+00,-1.363760970967246053e-04
2.811999999999999833e+00,-1.412383460587891197e-04
2.814000000000000057e+00,-1.472903564988733169e-04
2.815999999999999837e+00,-1.561587990629428662e-04
2.818000000000000060e+00,-1.691968942684575819e-04
2.819999999999999840e+00,-1.871877121576639579e-04
2.822000000000000064e+00,-2.101675635516454897e-04
2.823999999999999844e+00,-2.379608211923345154e-04
2.826000000000000068e+00,-2.711253859692575757e-04
2.827999999999999847e+00,-3.102037113938895408e-04
2.830000000000000071e+00,-3.548462489334991638e-04
2.831999999999999851e+00,-4.044024587217300297e-04
2.834000000000000075e+00,-4.582401634240060480e-04
2.835999999999999854e+00,-5.154869648404767236e-04
2.838000000000000078e+00,-5.750127031967248786e-04
2.839999999999999858e+00,-6.354785882629434331e-04
2.842000000000000082e+00,-6.952787593509140909e-04
2.843999999999999861e+00,-7.525887348196082629e-04
2.846000000000000085e+00,-8.059350440200198622e-04
2.847999999999999865e+00,-8.545761072871973672e-04
2.850000000000000089e+00,-8.981255446548384262e-04
2.851999999999999869e+00,-9.368940565148118921e-04
2.854000000000000092e+00,-9.715409126427505555e-04
2.855999999999999872e+00,-1.002910835473121111e-03
2.858000000000000096e+00,-1.031535851670237680e-03
2.859999999999999876e+00,-1.057619731567508705e-03
2.862000000000000099e+00,-1.081250250595729677e-03
2.863999999999999879e+00,-1.102289750513412055e-03
2.866000000000000103e+00,-1.120827248853603761e-03
2.867999999999999883e+00,-1.137641642482719369e-03
2.870000000000000107e+00,-1.153574818092711722e-03
2.871999999999999886e+00,-1.169341739520079245e-03
2.874000000000000110e+00,-1.184759520285172873e-03
2.875999999999999890e+00,-1.199809036344286119e-03
2.878000000000000114e+00,-1.214863065910464640e-03
2.879999999999999893e+00,-1.230270414945405831e-03
2.882000000000000117e+00,-1.246794015591844943e-03
2.883999999999999897e+00,-1.265048622538613061e-03
2.886000000000000121e+00,-1.286047869226752439e-03
2.887999999999999901e+00,-1.310950507997241240e-03
2.890000000000000124e+00,-1.341365430937886899e-03
2.891999999999999904e+00,-1.378828411432217634e-03
2.894000000000000128e+00,-1.423993255790646610e-03
2.895999999999999908e+00,-1.476831740598576019e-03
2.898000000000000131e+00,-1.536965567319374150e-03
2.899999999999999911e+00,-1.603055432331380479e-03
2.902000000000000135e+00,-1.673201917069842403e-03
2.903999999999999915e+00,-1.745503947067489131e-03
2.906000000000000139e+00,-1.818586439049968981e-03
2.907999999999999918e+00,-1.891647284226073873e-03
2.910000000000000142e+00,-1.963892145602963348e-03
2.911999999999999922e+00,-2.034582757181582248e-03
2.914000000000000146e+00,-2.103164488655884234e-03
2.915999999999999925e+00,-2.169513559237085110e-03
2.918000000000000149e+00,-2.233678557218701094e-03
2.919999999999999929e+00,-2.295648069296250121e-03
2.922000000000000153e+00,-2.355612429266537664e-03
2.923999999999999932e+00,-2.413678616713701205e-03
2.926000000000000156e+00,-2.469785337497356400e-03
2.927999999999999936e+00,-2.523898880947692078e-03
2.930000000000000160e+00,-2.575861704527165376e-03
2.931999999999999940e+00,-2.625401433518602824e-03
2.934000000000000163e+00,-2.672353755416652550e-03
2.935999999999999943e+00,-2.716631779225090002e-03
2.938000000000000167e+00,-2.758355413939308706e-03
2.939999999999999947e+00,-2.797607703530502650e-03
2.942000000000000171e+00,-2.834498187164718151e-03
2.943999999999999950e+00,-2.868744753935459531e-03
2.946000000000000174e+00,-2.899549142368801607e-03
2.947999999999999954e+00,-2.926289991619123940e-03
2.950000000000000178e+00,-2.948374179372198652e-03
2.951999999999999957e+00,-2.964618482351314300e-03
2.954000000000000181e+00,-2.973339151880255958e-03
2.955999999999999961e+00,-2.973590435789093961e-03
2.958000000000000185e+00,-2.965086878775486431e-03
2.959999999999999964e+00,-2.947592182624374571e-03
2.962000000000000188e+00,-2.921066498820032963e-03
2.963999999999999968e+00,-2.886291274076423913e-03
2.966000000000000192e+00,-2.844962631054217053e-03
2.967999999999999972e+00,-2.798871339359601702e-03
2.970000000000000195e+00,-2.750134055894293533e-03
2.971999999999999975e+00,-2.700929826320079552e-03
2.974000000000000199e+00,-2.652834004718442398e-03
2.975999999999999979e+00,-2.607278572027801628e-03
2.978000000000000203e+00,-2.565929573235950674e-03
2.979999999999999982e+00,-2.529859419915370458e-03
2.982000000000000206e+00,-2.499073615610807216e-03
2.983999999999999986e+00,-2.474028732547987625e-03
2.986000000000000210e+00,-2.455307410659487207e-03
2.987999999999999989e+00,-2.443153022693714520e-03
2.990000000000000213e+00,-2.437805877515178497e-03
2.991999999999999993e+00,-2.439463492825391395e-03
2.994000000000000217e+00,-2.448826746057416234e-03
2.995999999999999996e+00,-2.466728043405770794e-03
2.998000000000000220e+00,-2.494009681745673959e-03
3.000000000000000000e+00,-2.530931226750222050e-03
3.001999999999999780e+00,-2.577864853105893243e-03
3.004000000000000004e+00,-2.635214039785822512e-03
3.005999999999999783e+00,-2.703342758912425595e-03
3.008000000000000007e+00,-2.782394301724648404e-03
3.009999999999999787e+00,-2.873177122119681751e-03
3.012000000000000011e+00,-2.976469054457656950e-03
3.013999999999999790e+00,-3.092904429451507828e-03
3.016000000000000014e+00,-3.223338416307802538e-03
3.017999999999999794e+00,-3.368048175658289786e-03
3.020000000000000018e+00,-3.526372804978006835e-03
3.021999999999999797e+00,-3.697374176895779074e-03
3.024000000000000021e+00,-3.880145586420246772e-03
3.025999999999999801e+00,-4.074076103882813202e-03
3.028000000000000025e+00,-4.278048049774234654e-03
3.029999999999999805e+00,-4.490690378164914620e-03
3.032000000000000028e+00,-4.710962528604795314e-03
3.033999999999999808e+00,-4.937831281097985331e-03
3.036000000000000032e+00,-5.169904395991998212e-03
3.037999999999999812e+00,-5.406291391940013132e-03
3.040000000000000036e+00,-5.646493521849827932e-03
3.041999999999999815e+00,-5.889746217015890892e-03
3.044000000000000039e+00,-6.134893532955989007e-03
3.045999999999999819e+00,-6.380542445735637967e-03
3.048000000000000043e+00,-6.625229727238710065e-03
3.049999999999999822e+00,-6.867520207456924257e-03
3.052000000000000046e+00,-7.105184784511963704e-03
3.053999999999999826e+00,-7.335914665696369359e-03
3.056000000000000050e+00,-7.558598079086552984e-03
3.057999999999999829e+00,-7.773027184462983144e-03
3.060000000000000053e+00,-7.978968774318379725e-03
3.061999999999999833e+00,-8.176055338209139295e-03
3.064000000000000057e+00,-8.363927955799646194e-03
3.065999999999999837e+00,-8.542472404102285227e-03
3.068000000000000060e+00,-8.711512279771516098e-03
3.069999999999999840e+00,-8.870634877527190307e-03
3.072000000000000064e+00,-9.019615902971709481e-03
3.073999999999999844e+00,-9.158486351058127417e-03
3.076000000000000068e+00,-9.287824199578475354e-03
3.077999999999999847e+00,-9.408412801440352996e-03
3.080000000000000071e+00,-9.520858624663227493e-03
3.081999999999999851e+00,-9.626111784921552797e-03
3.084000000000000075e+00,-9.725391525905024287e-03
3.085999999999999854e+00,-9.820441589060462800e-03
3.088000000000000078e+00,-9.913112865409984958e-03
3.089999999999999858e+00,-1.000511735249165826e-02
3.092000000000000082e+00,-1.009824606645909513e-02
3.093999999999999861e+00,-1.019410977520849790e-02
3.096000000000000085e+00,-1.029406513076186296e-02
3.097999999999999865e+00,-1.039913909592153976e-02
3.100000000000000089e+00,-1.051054967027296311e-02
3.101999999999999869e+00,-1.062876739133462693e-02
3.104000000000000092e+00,-1.075332146894077481e-02
3.105999999999999872e+00,-1.088324315325262318e-02
3.108000000000000096e+00,-1.101797069653151495e-02
3.109999999999999876e+00,-1.115719381831240843e-02
3.112000000000000099e+00,-1.130007345336744157e-02
3.113999999999999879e+00,-1.144555086316658560e-02
3.116000000000000103e+00,-1.159253520789886235e-02
3.117999999999999883e+00,-1.173944033927326602e-02
3.120000000000000107e+00,-1.188423984199044742e-02
3.121999999999999886e+00,-1.202482715608361313e-02
3.124000000000000110e+00,-1.215899101141175616e-02
3.125999999999999890e+00,-1.228452272945678402e-02
3.128000000000000114e+00,-1.239969343160226070e-02
3.129999999999999893e+00,-1.250300745046153787e-02
3.132000000000000117e+00,-1.259332286838705725e-02
3.133999999999999897e+00,-1.267065402214929276e-02
3.136000000000000121e+00,-1.273540622392813071e-02
3.137999999999999901e+00,-1.278843721363558117e-02
3.140000000000000124e+00,-1.283136700780325608e-02
3.141999999999999904e+00,-1.286635075045340811e-02
3.144000000000000128e+00,-1.289577257424017256e-02
3.145999999999999908e+00,-1.292183303519639156e-02
3.148000000000000131e+00,-1.294626825939462246e-02
3.149999999999999911e+00,-1.297020087863621531e-02
3.152000000000000135e+00,-1.299390817897744937e-02
3.153999999999999915e+00,-1.301772146436362167e-02
3.156000000000000139e+00,-1.304124291218966732e-02
3.157999999999999918e+00,-1.306402173970489314e-02
3.160000000000000142e+00,-1.308627592411885227e-02
3.161999999999999922e+00,-1.310795493728033126e-02
3.164000000000000146e+00,-1.312888637757830129e-02
3.165999999999999925e+00,-1.314873457505062043e-02
3.168000000000000149e+00,-1.316679859691524505e-02
3.169999999999999929e+00,-1.318281653835656243e-02
3.172000000000000153e+00,-1.319692578962605202e-02
3.173999999999999932e+00,-1.320931858229058842e-02
3.176000000000000156e+00,-1.322063569135424957e-02
3.177999999999999936e+00,-1.323154430336987916e-02
3.180000000000000160e+00,-1.324281673854517914e-02
3.181999999999999940e+00,-1.325495933919399599e-02
3.184000000000000163e+00,-1.326825138199999934e-02
3.185999999999999943e+00,-1.328295458299954233e-02
3.188000000000000167e+00,-1.329876707514195122e-02
3.189999999999999947e+00,-1.331556493268858631e-02
3.192000000000000171e+00,-1.333338917343627854e-02
3.193999999999999950e+00,-1.335206110860274673e-02
3.196000000000000174e+00,-1.337156339720129566e-02
3.197999999999999954e+00,-1.339257665276726711e-02
3.200000000000000178e+00,-1.341583395402196760e-02
3.201999999999999957e+00,-1.344223919291463905e-02
3.204000000000000181e+00,-1.347283772103401167e-02
3.205999999999999961e+00,-1.350826993604919979e-02
3.208000000000000185e+00,-1.354945634361615081e-02
3.209999999999999964e+00,-1.359710781730373921e-02
3.212000000000000188e+00,-1.365200005999916630e-02
3.213999999999999968e+00,-1.371545523801502055e-02
3.216000000000000192e+00,-1.378844085615514407e-02
3.217999999999999972e+00,-1.387146071656737353e-02
3.220000000000000195e+00,-1.396457556731542024e-02
3.221999999999999975e+00,-1.406736849293009628e-02
3.224000000000000199e+00,-1.417978312048452476e-02
3.225999999999999979e+00,-1.430200722965587964e-02
3.228000000000000203e+00,-1.443314946142475533e-02
3.229999999999999982e+00,-1.457175308922905102e-02
3.232000000000000206e+00,-1.471610524097232559e-02
3.233999999999999986e+00,-1.486410495840723156e-02
3.236000000000000210e+00,-1.501405655517353346e-02
3.237999999999999989e+00,-1.516442224362756115e-02
3.240000000000000213e+00,-1.531340080068350692e-02
3.241999999999999993e+00,-1.545949569987539046e-02
3.244000000000000217e+00,-1.560184486851049976e-02
3.245999999999999996e+00,-1.573982811040199048e-02
3.248000000000000220e+00,-1.587273780858917266e-02
3.250000000000000000e+00,-1.600052856504010149e-02
3.251999999999999780e+00,-1.612307287845766990e-02
3.254000000000000004e+00,-1.624011292765351056e-02
3.255999999999999783e+00,-1.635172461498301047e-02
3.258000000000000007e+00,-1.645825594201951944e-02
3.259999999999999787e+00,-1.656000233725764270e-02
3.262000000000000011e+00,-1.665717131209676349e-02
3.263999999999999790e+00,-1.675041312465543747e-02
3.266000000000000014e+00,-1.684078697052098991e-02
3.267999999999999794e+00,-1.692930683365252709e-02
3.270000000000000018e+00,-1.701688168296266318e-02
3.271999999999999797e+00,-1.710401780460539534e-02
3.274000000000000021e+00,-1.719091772730028250e-02
3.275999999999999801e+00,-1.727743200000183416e-02
3.278000000000000025e+00,-1.736240028502157584e-02
3.279999999999999805e+00,-1.744446761591438716e-02
3.282000000000000028e+00,-1.752240881576963560e-02
3.283999999999999808e+00,-1.759541043057660098e-02
3.286000000000000032e+00,-1.766311661171500805e-02
3.287999999999999812e+00,-1.772521667994769734e-02
3.290000000000000036e+00,-1.778151887978638226e-02
3.291999999999999815e+00,-1.783207663499355999e-02
3.294000000000000039e+00,-1.787694762875813997e-02
3.295999999999999819e+00,-1.791617642158531767e-02
3.298000000000000043e+00,-1.795019764197402015e-02
3.299999999999999822e+00,-1.797981966057396463e-02
3.302000000000000046e+00,-1.800585427191210910e-02
3.303999999999999826e+00,-1.802909871745368708e-02
3.306000000000000050e+00,-1.804935381771198555e-02
3.307999999999999829e+00,-1.806604627030787558e-02
3.310000000000000053e+00,-1.807905635884358292e-02
3.311999999999999833e+00,-1.808828460704861932e-02
3.314000000000000057e+00,-1.809330893066642826e-02
3.315999999999999837e+00,-1.809347607362554733e-02
3.318000000000000060e+00,-1.808834817625783187e-02
3.319999999999999840e+00,-1.807785927985885305e-02
3.322000000000000064e+00,-1.806155276806668819e-02
3.323999999999999844e+00,-1.803859269736692028e-02
3.326000000000000068e+00,-1.800895774247679437e-02
3.327999999999999847e+00,-1.797283184187659089e-02
3.330000000000000071e+00,-1.793030593089577768e-02
3.331999999999999851e+00,-1.788157769988933665e-02
3.334000000000000075e+00,-1.782650726605149866e-02
3.335999999999999854e+00,-1.776484078285777563e-02
3.338000000000000078e+00,-1.769754617522338244e-02
3.339999999999999858e+00,-1.762613226658696353e-02
3.342000000000000082e+00,-1.755243396575398296e-02
3.343999999999999861e+00,-1.747866967408610514e-02
3.346000000000000085e+00,-1.740692169465004810e-02
3.347999999999999865e+00,-1.733911627261348898e-02
3.350000000000000089e+00,-1.727679168493882755e-02
3.351999999999999869e+00,-1.722120930790849158e-02
3.354000000000000092e+00,-1.717340907140271072e-02
3.355999999999999872e+00,-1.713336376517572007e-02
3.358000000000000096e+00,-1.710064879647034408e-02
3.359999999999999876e+00,-1.707476382239716400e-02
3.362000000000000099e+00,-1.705545095657805266e-02
3.363999999999999879e+00,-1.704272319385231535e-02
3.366000000000000103e+00,-1.703683878364575105e-02
3.367999999999999883e+00,-1.703853284988215977e-02
3.370000000000000107e+00,-1.704778912698603696e-02
3.371999999999999886e+00,-1.706480825943383281e-02
3.374000000000000110e+00,-1.708993228151734628e-02
3.375999999999999890e+00,-1.712361732678585255e-02
3.378000000000000114e+00,-1.716649702739992886e-02
3.379999999999999893e+00,-1.721885185041365646e-02
3.382000000000000117e+00,-1.727992909233209973e-02
3.383999999999999897e+00,-1.734811025435979009e-02
3.386000000000000121e+00,-1.742192427618664483e-02
3.387999999999999901e+00,-1.750003078652162536e-02
3.390000000000000124e+00,-1.758092477546546739e-02
3.391999999999999904e+00,-1.766302262547914115e-02
3.394000000000000128e+00,-1.774508783710052051e-02
3.395999999999999908e+00,-1.782666499089759216e-02
3.398000000000000131e+00,-1.790677336366363476e-02
3.399999999999999911e+00,-1.798390462012693439e-02
3.402000000000000135e+00,-1.805649167890556808e-02
3.403999999999999915e+00,-1.812317844695500099e-02
3.406000000000000139e+00,-1.818271985328087648e-02
3.407999999999999918e+00,-1.823481162031549002e-02
3.410000000000000142e+00,-1.827952648254055346e-02
3.411999999999999922e+00,-1.831734942812103875e-02
3.414000000000000146e+00,-1.834845158132019510e-02
3.415999999999999925e+00,-1.837282053650769048e-02
3.418000000000000149e+00,-1.839035032553401963e-02
3.419999999999999929e+00,-1.840111305030454891e-02
3.422000000000000153e+00,-1.840603264516647852e-02
3.423999999999999932e+00,-1.840571835132848513e-02
3.426000000000000156e+00,-1.840102085636455623e-02
3.427999999999999936e+00,-1.839322988842607629e-02
3.430000000000000160e+00,-1.838368087090428565e-02
3.431999999999999940e+00,-1.837405681977387351e-02
3.434000000000000163e+00,-1.836582470046108084e-02
3.435999999999999943e+00,-1.836009207184622488e-02
3.438000000000000167e+00,-1.835758131434628987e-02
3.439999999999999947e+00,-1.835876179295556701e-02
3.442000000000000171e+00,-1.836415272594549286e-02
3.443999999999999950e+00,-1.837409959121144576e-02
3.446000000000000174e+00,-1.838877369039176868e-02
3.447999999999999954e+00,-1.840856536520801834e-02
3.450000000000000178e+00,-1.843417224726147038e-02
3.451999999999999957e+00,-1.846556956661965510e-02
3.454000000000000181e+00,-1.850202363722247556e-02
3.455999999999999961e+00,-1.854209986292765927e-02
3.458000000000000185e+00,-1.858480533758537223e-02
3.459999999999999964e+00,-1.862953591863422340e-02
3.462000000000000188e+00,-1.867556129273067328e-02
3.463999999999999968e+00,-1.872200863975534771e-02
3.466000000000000192e+00,-1.876799019707606903e-02
3.467999999999999972e+00,-1.881303214504033428e-02
3.470000000000000195e+00,-1.885725409689041621e-02
3.471999999999999975e+00,-1.890128605790185323e-02
3.474000000000000199e+00,-1.894549069685572129e-02
3.475999999999999979e+00,-1.898995916116825305e-02
3.478000000000000203e+00,-1.903535978809899748e-02
3.479999999999999982e+00,-1.908258276941241297e-02
3.482000000000000206e+00,-1.913223760281466609e-02
3.483999999999999986e+00,-1.918434573233111437e-02
3.486000000000000210e+00,-1.923828363916232215e-02
3.487999999999999989e+00,-1.929309536025427402e-02
3.490000000000000213e+00,-1.934806647515148817e-02
3.491999999999999993e+00,-1.940285001107794338e-02
3.494000000000000217e+00,-1.945688427548887892e-02
3.495999999999999996e+00,-1.950971771363487275e-02
3.498000000000000220e+00,-1.956079503197772490e-02
3.500000000000000000e+00,-1.960959769174344669e-02
3.501999999999999780e+00,-1.965573138932064437e-02
3.504000000000000004e+00,-1.969864580893788963e-02
3.505999999999999783e+00,-1.973810338574259748e-02
3.508000000000000007e+00,-1.977425485006988407e-02
3.509999999999999787e+00,-1.980781861551188586e-02
3.512000000000000011e+00,-1.983969867858731070e-02
3.513999999999999790e+00,-1.987042991457899088e-02
3.516000000000000014e+00,-1.989989760324644211e-02
3.517999999999999794e+00,-1.992802012238619608e-02
3.520000000000000018e+00,-1.995507510442750751e-02
3.521999999999999797e+00,-1.998163176553397966e-02
3.524000000000000021e+00,-2.000826032783463784e-02
3.525999999999999801e+00,-2.003530638146772819e-02
3.528000000000000025e+00,-2.006317786571699610e-02
3.529999999999999805e+00,-2.009223748293420195e-02
3.532000000000000028e+00,-2.012244381694868953e-02
3.533999999999999808e+00,-2.015399267309840939e-02
3.536000000000000032e+00,-2.018693559626365264e-02
3.537999999999999812e+00,-2.022111227674777342e-02
3.540000000000000036e+00,-2.025626620193646601e-02
3.541999999999999815e+00,-2.029187096572642249e-02
3.544000000000000039e+00,-2.032719291909714648e-02
3.545999999999999819e+00,-2.036168195746620307e-02
3.548000000000000043e+00,-2.039485099811104429e-02
3.549999999999999822e+00,-2.042646974966053075e-02
3.552000000000000046e+00,-2.045647060352770788e-02
3.553999999999999826e+00,-2.048481506481511852e-02
3.556000000000000050e+00,-2.051145153906373461e-02
3.557999999999999829e+00,-2.053671871425605255e-02
3.560000000000000053e+00,-2.056109520531075596e-02
3.561999999999999833e+00,-2.058494839328838324e-02
3.564000000000000057e+00,-2.060882101760300178e-02
3.565999999999999837e+00,-2.063353402962638666e-02
3.568000000000000060e+00,-2.066027547540810749e-02
3.569999999999999840e+00,-2.069014006287121440e-02
3.572000000000000064e+00,-2.072429796613975070e-02
3.573999999999999844e+00,-2.076382195210728365e-02
3.576000000000000068e+00,-2.080990769920712524e-02
3.577999999999999847e+00,-2.086368709795570139e-02
3.580000000000000071e+00,-2.092585618578881798e-02
3.581999999999999851e+00,-2.099659077094541762e-02
3.584000000000000075e+00,-2.107625106088180725e-02
3.585999999999999854e+00,-2.116532409915766397e-02
3.588000000000000078e+00,-2.126386573379523276e-02
3.589999999999999858e+00,-2.137153358088380445e-02
3.592000000000000082e+00,-2.148759227584225162e-02
3.593999999999999861e+00,-2.161102299800689991e-02
3.596000000000000085e+00,-2.174027645926707511e-02
3.597999999999999865e+00,-2.187382852118184562e-02
3.600000000000000089e+00,-2.201040610167661130e-02
3.601999999999999869e+00,-2.214917210726408472e-02
3.604000000000000092e+00,-2.228946652821241214e-02
3.605999999999999872e+00,-2.243062516045932556e-02
3.608000000000000096e+00,-2.257213754620091689e-02
3.609999999999999876e+00,-2.271303228677487920e-02
3.612000000000000099e+00,-2.285207682233566726e-02
3.613999999999999879e+00,-2.298821178188607123e-02
3.616000000000000103e+00,-2.312069658475230521e-02
3.617999999999999883e+00,-2.324921526865963289e-02
3.620000000000000107e+00,-2.337343515188962384e-02
3.621999999999999886e+00,-2.349303590379155093e-02
3.624000000000000110e+00,-2.360741087032586921e-02
3.625999999999999890e+00,-2.371605052375428541e-02
3.628000000000000114e+00,-2.381845466208963591e-02
3.629999999999999893e+00,-2.391469715898456375e-02
3.632000000000000117e+00,-2.400531451857114418e-02
3.633999999999999897e+00,-2.409088109142169115e-02
3.636000000000000121e+00,-2.417181863010809881e-02
3.637999999999999901e+00,-2.424876836515489631e-02
3.640000000000000124e+00,-2.432257096788157519e-02
3.641999999999999904e+00,-2.439355306440908755e-02
3.644000000000000128e+00,-2.446132429580565384e-02
3.645999999999999908e+00,-2.452536230337288431e-02
3.648000000000000131e+00,-2.458556885998924510e-02
3.649999999999999911e+00,-2.464230367782248299e-02
3.652000000000000135e+00,-2.469598884510627521e-02
3.653999999999999915e+00,-2.474722202361859941e-02
3.656000000000000139e+00,-2.479675920813786613e-02
3.657999999999999918e+00,-2.484552355547037239e-02
3.660000000000000142e+00,-2.489445770167134780e-02
3.661999999999999922e+00,-2.494462333354118683e-02
3.664000000000000146e+00,-2.499667341110130281e-02
3.665999999999999925e+00,-2.505120234454615014e-02
3.668000000000000149e+00,-2.510838878365541371e-02
3.669999999999999929e+00,-2.516793906777299236e-02
3.672000000000000153e+00,-2.522947550824689023e-02
3.673999999999999932e+00,-2.529280562371231944e-02
3.676000000000000156e+00,-2.535753862510011641e-02
3.677999999999999936e+00,-2.542310666469163941e-02
3.680000000000000160e+00,-2.548911220442722989e-02
3.681999999999999940e+00,-2.555520529999683044e-02
3.684000000000000163e+00,-2.562086795111778031e-02
3.685999999999999943e+00,-2.568595463680701380e-02
3.688000000000000167e+00,-2.574996969609553640e-02
3.689999999999999947e+00,-2.581250849732586936e-02
3.692000000000000171e+00,-2.587333137236805941e-02
3.693999999999999950e+00,-2.593242208976856769e-02
3.696000000000000174e+00,-2.598930257661903956e-02
3.697999999999999954e+00,-2.604363091594037380e-02
3.700000000000000178e+00,-2.609515875820700784e-02
3.701999999999999957e+00,-2.614337424590147674e-02
3.704000000000000181e+00,-2.618785063060140653e-02
3.705999999999999961e+00,-2.622845098610770628e-02
3.708000000000000185e+00,-2.626509019962065122e-02
3.709999999999999964e+00,-2.629757463370981097e-02
3.712000000000000188e+00,-2.632606795312340126e-02
3.713999999999999968e+00,-2.635101078153388038e-02
3.716000000000000192e+00,-2.637339050748338867e-02
3.717999999999999972e+00,-2.639424579711689700e-02
3.720000000000000195e+00,-2.641453508724638660e-02
3.721999999999999975e+00,-2.643512145360643606e-02
3.724000000000000199e+00,-2.645650861463605397e-02
3.725999999999999979e+00,-2.647937472839176354e-02
3.728000000000000203e+00,-2.650434966828694311e-02
3.729999999999999982e+00,-2.653163410303638337e-02
3.732000000000000206e+00,-2.656110241818711651e-02
3.733999999999999986e+00,-2.659219561283687749e-02
3.736000000000000210e+00,-2.662425906459770647e-02
3.737999999999999989e+00,-2.665673588139018738e-02
3.740000000000000213e+00,-2.668915068350100755e-02
3.741999999999999993e+00,-2.672154835613922003e-02
3.744000000000000217e+00,-2.675419344923159887e-02
3.745999999999999996e+00,-2.678754135807089043e-02
3.748000000000000220e+00,-2.682175299298557997e-02
3.750000000000000000e+00,-2.685684958606330414e-02
3.751999999999999780e+00,-2.689284054590495784e-02
3.754000000000000004e+00,-2.692974579435826119e-02
3.755999999999999783e+00,-2.696699103229123831e-02
3.758000000000000007e+00,-2.700379628922686126e-02
3.759999999999999787e+00,-2.704003000675164053e-02
3.762000000000000011e+00,-2.707549318876920769e-02
3.763999999999999790e+00,-2.710990536430359782e-02
3.766000000000000014e+00,-2.714314771164385090e-02
3.767999999999999794e+00,-2.717588024421037363e-02
3.770000000000000018e+00,-2.720851349291134036e-02
3.771999999999999797e+00,-2.724085399960325671e-02
3.774000000000000021e+00,-2.727272917285733511e-02
3.775999999999999801e+00,-2.730387975913315182e-02
3.778000000000000025e+00,-2.733459284804262354e-02
3.779999999999999805e+00,-2.736490726708244725e-02
3.782000000000000028e+00,-2.739440356798458071e-02
3.783999999999999808e+00,-2.742265877491992590e-02
3.786000000000000032e+00,-2.744955653362231643e-02
3.787999999999999812e+00,-2.747516714700167298e-02
3.790000000000000036e+00,-2.749923636020439044e-02
3.791999999999999815e+00,-2.752164039546367569e-02
3.794000000000000039e+00,-2.754242368512621955e-02
3.795999999999999819e+00,-2.756199180236932472e-02
3.798000000000000043e+00,-2.758084988191238443e-02
3.799999999999999822e+00,-2.759931433275843518e-02
3.802000000000000046e+00,-2.761760179606201349e-02
3.803999999999999826e+00,-2.763535579831999031e-02
3.806000000000000050e+00,-2.765219482714486102e-02
3.807999999999999829e+00,-2.766754178423267568e-02
3.810000000000000053e+00,-2.768124712424151895e-02
3.811999999999999833e+00,-2.769376924353374181e-02
3.814000000000000057e+00,-2.770553725577259638e-02
3.815999999999999837e+00,-2.771659828119374044e-02
3.818000000000000060e+00,-2.772668184511164688e-02
3.819999999999999840e+00,-2.773548615679843551e-02
3.822000000000000064e+00,-2.774287244960550042e-02
3.823999999999999844e+00,-2.774913674755760673e-02
3.826000000000000068e+00,-2.775485377953898838e-02
3.827999999999999847e+00,-2.776072067651959296e-02
3.830000000000000071e+00,-2.776741292380691464e-02
3.831999999999999851e+00,-2.777511352197127928e-02
3.834000000000000075e+00,-2.778356438028289910e-02
3.835999999999999854e+00,-2.779262665878820537e-02
3.838000000000000078e+00,-2.780195492182982453e-02
3.839999999999999858e+00,-2.781085296356689690e-02
3.842000000000000082e+00,-2.781856032066065340e-02
3.843999999999999861e+00,-2.782442076106262860e-02
3.846000000000000085e+00,-2.782814115611729339e-02
3.847999999999999865e+00,-2.782945335978143780e-02
3.850000000000000089e+00,-2.782800997531648113e-02
3.851999999999999869e+00,-2.782361847807462638e-02
3.854000000000000092e+00,-2.781638418907185148e-02
3.855999999999999872e+00,-2.780641141664578347e-02
3.858000000000000096e+00,-2.779355600560422246e-02
3.859999999999999876e+00,-2.777783016140481648e-02
3.862000000000000099e+00,-2.775929966739569196e-02
3.863999999999999879e+00,-2.773792790245924178e-02
3.866000000000000103e+00,-2.771417484660254268e-02
3.867999999999999883e+00,-2.768880534889583966e-02
3.870000000000000107e+00,-2.766289131954307798e-02
3.871999999999999886e+00,-2.763785267461759884e-02
3.874000000000000110e+00,-2.761539411464853516e-02
3.875999999999999890e+00,-2.759698602440700116e-02
3.878000000000000114e+00,-2.758361775813683234e-02
3.879999999999999893e+00,-2.757626946060696971e-02
3.882000000000000117e+00,-2.757595212887049493e-02
3.883999999999999897e+00,-2.758319874316696174e-02
3.886000000000000121e+00,-2.759805159058597440e-02
3.887999999999999901e+00,-2.762002106614520891e-02
3.890000000000000124e+00,-2.764875019416969393e-02
3.891999999999999904e+00,-2.768374041207104924e-02
3.894000000000000128e+00,-2.772446709615798005e-02
3.895999999999999908e+00,-2.777032463550018968e-02
3.898000000000000131e+00,-2.782079235773520301e-02
3.899999999999999911e+00,-2.787519641509386345e-02
3.902000000000000135e+00,-2.793291414226130309e-02
3.903999999999999915e+00,-2.799372042108388622e-02
3.906000000000000139e+00,-2.805757558062593054e-02
3.907999999999999918e+00,-2.812441256709282897e-02
3.910000000000000142e+00,-2.819406654685013489e-02
3.911999999999999922e+00,-2.826616420003163002e-02
3.914000000000000146e+00,-2.834069021688371409e-02
3.915999999999999925e+00,-2.841761859148603242e-02
3.918000000000000149e+00,-2.849669852638487058e-02
3.919999999999999929e+00,-2.857785125520338060e-02
3.922000000000000153e+00,-2.866152552372509127e-02
3.923999999999999932e+00,-2.874793791926427700e-02
3.926000000000000156e+00,-2.883710670061105305e-02
3.927999999999999936e+00,-2.892917043901475221e-02
3.930000000000000160e+00,-2.902443285221328884e-02
3.931999999999999940e+00,-2.912317338456293578e-02
3.934000000000000163e+00,-2.922567805195041071e-02
3.935999999999999943e+00,-2.933182687508898573e-02
3.938000000000000167e+00,-2.944141191279385159e-02
3.939999999999999947e+00,-2.955376390671698300e-02
3.942000000000000171e+00,-2.966784855848021013e-02
3.943999999999999950e+00,-2.978259595025713885e-02
