1.580000000000000016e-01,4.692455218417993734e+00
1.600000000000000033e-01,4.668552536638507000e+00
1.620000000000000051e-01,4.644653950408262233e+00
1.739999999999999880e-01,4.502054287932174326e+00
1.779999999999999916e-01,4.455115336783137536e+00
1.799999999999999933e-01,4.431696364332428750e+00
1.859999999999999987e-01,4.360760410253575081e+00
1.880000000000000004e-01,4.336533653339658123e+00
1.900000000000000022e-01,4.311806638769056121e+00
1.920000000000000040e-01,4.286434944791235324e+00
1.940000000000000058e-01,4.260246212401351151e+00
1.960000000000000075e-01,4.233031682803318319e+00
1.980000000000000093e-01,4.204592074149796410e+00
2.000000000000000111e-01,4.174790240118091411e+00
2.020000000000000129e-01,4.143549107942132714e+00
2.059999999999999887e-01,4.076422641127935620e+00
2.079999999999999905e-01,4.040339161873090390e+00
2.099999999999999922e-01,4.002438914037277584e+00
2.119999999999999940e-01,3.962626164614285074e+00
2.139999999999999958e-01,3.920880400140718258e+00
2.159999999999999976e-01,3.877238486459861022e+00
2.179999999999999993e-01,3.831787172134629493e+00
2.200000000000000011e-01,3.784639413632335803e+00
2.220000000000000029e-01,3.735905903982299936e+00
2.240000000000000047e-01,3.685694209285346634e+00
2.260000000000000064e-01,3.634116325118301738e+00
2.280000000000000082e-01,3.581315114293717183e+00
2.300000000000000100e-01,3.527488533506171642e+00
2.320000000000000118e-01,3.472815336979593770e+00
2.340000000000000135e-01,3.417450197639266385e+00
2.359999999999999876e-01,3.361531909111813210e+00
2.379999999999999893e-01,3.305168362405063842e+00
2.399999999999999911e-01,3.248453309755496399e+00
2.419999999999999929e-01,3.191483434800225449e+00
2.439999999999999947e-01,3.134363350040244356e+00
2.459999999999999964e-01,3.077242073518854149e+00
2.479999999999999982e-01,3.020258643443740620e+00
2.500000000000000000e-01,2.963538910067422982e+00
2.520000000000000018e-01,2.907194561849115289e+00
2.540000000000000036e-01,2.851336797304029780e+00
2.560000000000000053e-01,2.796073360136491992e+00
2.580000000000000071e-01,2.741507927271976897e+00
2.600000000000000089e-01,2.687741167126906916e+00
2.620000000000000107e-01,2.634871002339895352e+00
2.640000000000000124e-01,2.582987155306827542e+00
2.660000000000000142e-01,2.532165948103895836e+00
2.680000000000000160e-01,2.482472824103297171e+00
2.700000000000000178e-01,2.433962096606215653e+00
2.720000000000000195e-01,2.386669820348057414e+00
2.740000000000000213e-01,2.340623620208298394e+00
2.760000000000000231e-01,2.295845992039375894e+00
2.780000000000000249e-01,2.252345803000868951e+00
2.800000000000000266e-01,2.210121368102557327e+00
2.819999999999999729e-01,2.169161139982276776e+00
2.839999999999999747e-01,2.129447211194487544e+00
2.859999999999999765e-01,2.090966703518373215e+00
2.879999999999999782e-01,2.053702749454672905e+00
2.899999999999999800e-01,2.017629828376126699e+00
2.919999999999999818e-01,1.982717071868375314e+00
2.939999999999999836e-01,1.948938201219870603e+00
2.959999999999999853e-01,1.916267923346743673e+00
2.979999999999999871e-01,1.884679960575922131e+00
2.999999999999999889e-01,1.854136497531180483e+00
3.019999999999999907e-01,1.824601432114050681e+00
3.039999999999999925e-01,1.796049839896732170e+00
3.059999999999999942e-01,1.768456808022492499e+00
3.079999999999999960e-01,1.741787705955750720e+00
3.099999999999999978e-01,1.716004989849678086e+00
3.119999999999999996e-01,1.691072374612298646e+00
3.140000000000000013e-01,1.666950063780519020e+00
3.160000000000000031e-01,1.643604781112613322e+00
3.180000000000000049e-01,1.621009653966277719e+00
3.200000000000000067e-01,1.599140614966848783e+00
3.220000000000000084e-01,1.577969824268576016e+00
3.240000000000000102e-01,1.557474478566450049e+00
3.260000000000000120e-01,1.537629846310283765e+00
3.280000000000000138e-01,1.518413151086751123e+00
3.300000000000000155e-01,1.499794768930708067e+00
3.320000000000000173e-01,1.481734566430888522e+00
3.340000000000000191e-01,1.464195971663724949e+00
3.360000000000000209e-01,1.447138416034849495e+00
3.380000000000000226e-01,1.430528025349141252e+00
3.400000000000000244e-01,1.414340068934719419e+00
3.420000000000000262e-01,1.398561898791192970e+00
3.439999999999999725e-01,1.383181071539145268e+00
3.459999999999999742e-01,1.368184584581050078e+00
3.479999999999999760e-01,1.353554887916826877e+00
3.499999999999999778e-01,1.339278562279271778e+00
3.519999999999999796e-01,1.325343785820250364e+00
3.539999999999999813e-01,1.311736718681987490e+00
3.559999999999999831e-01,1.298446985782127250e+00
3.579999999999999849e-01,1.285465411078495990e+00
3.599999999999999867e-01,1.272779729202105470e+00
3.619999999999999885e-01,1.260377489302819898e+00
3.639999999999999902e-01,1.248245446392873159e+00
3.659999999999999920e-01,1.236363755387666075e+00
3.679999999999999938e-01,1.224710232357171913e+00
3.699999999999999956e-01,1.213267378334973445e+00
3.719999999999999973e-01,1.202020505267969108e+00
3.739999999999999991e-01,1.190959783507676395e+00
3.760000000000000009e-01,1.180078249742799956e+00
3.780000000000000027e-01,1.169372562961008333e+00
3.800000000000000044e-01,1.158848812336880973e+00
3.820000000000000062e-01,1.148519278321384673e+00
3.840000000000000080e-01,1.138398778257456723e+00
3.860000000000000098e-01,1.128496584890077870e+00
3.880000000000000115e-01,1.118816037268069108e+00
3.900000000000000133e-01,1.109361548346357029e+00
3.920000000000000151e-01,1.100131755899282915e+00
3.940000000000000169e-01,1.091122488918777833e+00
3.960000000000000187e-01,1.082327327495927305e+00
3.980000000000000204e-01,1.073735756518900075e+00
4.000000000000000222e-01,1.065336262607233131e+00
4.020000000000000240e-01,1.057114899323155388e+00
4.040000000000000258e-01,1.049055761948036514e+00
4.060000000000000275e-01,1.041143513010787114e+00
4.079999999999999738e-01,1.033363850689730246e+00
4.099999999999999756e-01,1.025702553243607040e+00
4.119999999999999774e-01,1.018151614669017269e+00
4.139999999999999791e-01,1.010711029089037538e+00
4.159999999999999809e-01,1.003382878817349111e+00
4.179999999999999827e-01,9.961697012083239322e-01
4.199999999999999845e-01,9.890719121563464888e-01
4.219999999999999862e-01,9.820938420634394150e-01
4.239999999999999880e-01,9.752423084047650015e-01
4.259999999999999898e-01,9.685250104754963285e-01
4.279999999999999916e-01,9.619499658954888677e-01
4.299999999999999933e-01,9.555268269905350387e-01
4.319999999999999951e-01,9.492622253415519129e-01
4.339999999999999969e-01,9.431575750279757031e-01
4.359999999999999987e-01,9.372092858527250048e-01
4.380000000000000004e-01,9.314092986267247243e-01
4.400000000000000022e-01,9.257483321595247894e-01
4.420000000000000040e-01,9.202168903712323322e-01
4.440000000000000058e-01,9.148046688238802293e-01
4.460000000000000075e-01,9.095001236435636960e-01
4.480000000000000093e-01,9.042912445021412671e-01
4.500000000000000111e-01,8.991628411413267186e-01
4.520000000000000129e-01,8.940965405669518695e-01
4.540000000000000147e-01,8.890764793916763331e-01
4.560000000000000164e-01,8.840925677793176618e-01
4.580000000000000182e-01,8.791345958987430986e-01
4.600000000000000200e-01,8.741922955907213133e-01
4.620000000000000218e-01,8.692576652266532644e-01
4.640000000000000235e-01,8.643236923636167246e-01
4.660000000000000253e-01,8.593878673735864115e-01
4.680000000000000271e-01,8.544505426354795929e-01
4.699999999999999734e-01,8.495105813255412475e-01
4.719999999999999751e-01,8.445641139962818400e-01
4.739999999999999769e-01,8.396046309606831626e-01
4.759999999999999787e-01,8.346294132856878489e-01
4.779999999999999805e-01,8.296360505283507658e-01
4.799999999999999822e-01,8.246218085582177615e-01
4.819999999999999840e-01,8.195843293757967274e-01
4.839999999999999858e-01,8.145227562763733831e-01
4.859999999999999876e-01,8.094370167181078601e-01
4.879999999999999893e-01,8.043245073182381244e-01
4.899999999999999911e-01,7.991847138450189902e-01
4.919999999999999929e-01,7.940189388286996719e-01
4.939999999999999947e-01,7.888290316938690871e-01
4.959999999999999964e-01,7.836189613570186951e-01
4.979999999999999982e-01,7.783924045265924185e-01
5.000000000000000000e-01,7.731525771954448345e-01
5.020000000000000018e-01,7.679042591251334926e-01
5.040000000000000036e-01,7.626539802960426995e-01
5.060000000000000053e-01,7.574118374266691767e-01
5.080000000000000071e-01,7.521910400899495253e-01
5.100000000000000089e-01,7.470038666228300261e-01
5.120000000000000107e-01,7.418600208857505374e-01
5.140000000000000124e-01,7.367661968701779696e-01
5.160000000000000142e-01,7.317305661428531449e-01
5.180000000000000160e-01,7.267602422052820144e-01
5.200000000000000178e-01,7.218628345709816596e-01
5.220000000000000195e-01,7.170458386060770684e-01
5.240000000000000213e-01,7.123131859614872941e-01
5.260000000000000231e-01,7.076658085295601808e-01
5.280000000000000249e-01,7.031016866986117275e-01
5.300000000000000266e-01,6.986152962651402953e-01
5.320000000000000284e-01,6.942010721051999900e-01
5.340000000000000302e-01,6.898543684462252745e-01
5.360000000000000320e-01,6.855691008907325301e-01
5.380000000000000338e-01,6.813387250730178479e-01
5.400000000000000355e-01,6.771576197910937900e-01
5.420000000000000373e-01,6.730199987704492681e-01
5.440000000000000391e-01,6.689193960618117218e-01
5.460000000000000409e-01,6.648494560330879821e-01
5.480000000000000426e-01,6.608050714149917848e-01
5.500000000000000444e-01,6.567845522136224190e-01
5.520000000000000462e-01,6.527869207305561083e-01
5.540000000000000480e-01,6.488095800214728204e-01
5.560000000000000497e-01,6.448496978361173415e-01
5.580000000000000515e-01,6.409058563735837710e-01
5.600000000000000533e-01,6.369771131771917450e-01
5.620000000000000551e-01,6.330618280449333835e-01
5.639999999999999458e-01,6.291581092248036411e-01
5.659999999999999476e-01,6.252617061396882336e-01
5.679999999999999494e-01,6.213668546383502855e-01
5.699999999999999512e-01,6.174709780495958311e-01
5.719999999999999529e-01,6.135739355497074055e-01
5.739999999999999547e-01,6.096768252898873142e-01
5.759999999999999565e-01,6.057834707275704389e-01
5.779999999999999583e-01,6.018972274617717666e-01
5.799999999999999600e-01,5.980234832209396778e-01
5.819999999999999618e-01,5.941696537696984359e-01
5.839999999999999636e-01,5.903400706001549203e-01
5.859999999999999654e-01,5.865371918036370591e-01
5.879999999999999671e-01,5.827617825998219203e-01
5.899999999999999689e-01,5.790137304200130286e-01
5.919999999999999707e-01,5.752916162016403767e-01
5.939999999999999725e-01,5.715938813476235669e-01
5.959999999999999742e-01,5.679154041872785941e-01
5.979999999999999760e-01,5.642494796409230906e-01
5.999999999999999778e-01,5.605915937853238606e-01
6.019999999999999796e-01,5.569406078874062915e-01
6.039999999999999813e-01,5.532976294872415934e-01
6.059999999999999831e-01,5.496651453426993905e-01
6.079999999999999849e-01,5.460444567361050217e-01
6.099999999999999867e-01,5.424341285152918246e-01
6.119999999999999885e-01,5.388318853356960370e-01
6.139999999999999902e-01,5.352355408913669343e-01
6.159999999999999920e-01,5.316425535163736837e-01
6.179999999999999938e-01,5.280478502162460064e-01
6.199999999999999956e-01,5.244476503426144243e-01
6.219999999999999973e-01,5.208390401422720029e-01
6.239999999999999991e-01,5.172194539424742610e-01
6.260000000000000009e-01,5.135874953277487220e-01
6.280000000000000027e-01,5.099434503096799132e-01
6.300000000000000044e-01,5.062893447984833095e-01
6.320000000000000062e-01,5.026261337016092456e-01
6.340000000000000080e-01,4.989568246800383799e-01
6.360000000000000098e-01,4.952863218488188224e-01
6.380000000000000115e-01,4.916184090752357405e-01
6.400000000000000133e-01,4.879565426017959395e-01
6.420000000000000151e-01,4.843067932539851794e-01
6.440000000000000169e-01,4.806788415281669780e-01
6.460000000000000187e-01,4.770813515906394686e-01
6.480000000000000204e-01,4.735234920106868861e-01
6.500000000000000222e-01,4.700116602801520660e-01
6.520000000000000240e-01,4.665493458422690365e-01
6.540000000000000258e-01,4.631407706159567650e-01
6.560000000000000275e-01,4.597911960779922924e-01
6.580000000000000293e-01,4.565051172626362064e-01
6.600000000000000311e-01,4.532868535139261690e-01
6.620000000000000329e-01,4.501400517761476872e-01
6.640000000000000346e-01,4.470686387511109139e-01
6.660000000000000364e-01,4.440765828031781326e-01
6.680000000000000382e-01,4.411649117997749614e-01
6.700000000000000400e-01,4.383325842216498347e-01
6.720000000000000417e-01,4.355769027397075055e-01
6.740000000000000435e-01,4.328908449386196788e-01
6.760000000000000453e-01,4.302652813110089403e-01
6.780000000000000471e-01,4.276902006700826764e-01
6.800000000000000488e-01,4.251548217923269979e-01
6.820000000000000506e-01,4.226491560817114967e-01
6.840000000000000524e-01,4.201661664756609627e-01
6.860000000000000542e-01,4.176985172857639594e-01
6.879999999999999449e-01,4.152370190938828864e-01
6.899999999999999467e-01,4.127754613507239045e-01
6.919999999999999485e-01,4.103088073272621594e-01
6.939999999999999503e-01,4.078321560905397436e-01
6.959999999999999520e-01,4.053417729058834684e-01
6.979999999999999538e-01,4.028355457095047498e-01
6.999999999999999556e-01,4.003129264021395572e-01
7.019999999999999574e-01,3.977751528625658173e-01
7.039999999999999591e-01,3.952228682048493091e-01
7.059999999999999609e-01,3.926576543860114121e-01
7.079999999999999627e-01,3.900814511054338518e-01
7.099999999999999645e-01,3.874976728043031393e-01
7.119999999999999662e-01,3.849089519743411070e-01
7.139999999999999680e-01,3.823177678635826249e-01
7.159999999999999698e-01,3.797257947265911815e-01
7.179999999999999716e-01,3.771331462751060237e-01
7.199999999999999734e-01,3.745395831840433454e-01
7.219999999999999751e-01,3.719456721445882907e-01
7.239999999999999769e-01,3.693522413117626968e-01
7.259999999999999787e-01,3.667582627178909704e-01
7.279999999999999805e-01,3.641619079644127788e-01
7.299999999999999822e-01,3.615621269420165595e-01
7.319999999999999840e-01,3.589588736984422046e-01
7.339999999999999858e-01,3.563539827047797481e-01
7.359999999999999876e-01,3.537503020905177764e-01
7.379999999999999893e-01,3.511499421829795131e-01
7.399999999999999911e-01,3.485552250410489106e-01
7.419999999999999929e-01,3.459675995319839714e-01
7.439999999999999947e-01,3.433887477548882572e-01
7.459999999999999964e-01,3.408197748388404058e-01
7.479999999999999982e-01,3.382613928651835300e-01
7.500000000000000000e-01,3.357151139222341318e-01
7.520000000000000018e-01,3.331852999062860921e-01
7.540000000000000036e-01,3.306762187148172272e-01
7.560000000000000053e-01,3.281886903725352300e-01
7.580000000000000071e-01,3.257228403768491209e-01
7.600000000000000089e-01,3.232798559125287241e-01
7.620000000000000107e-01,3.208624222518531299e-01
7.640000000000000124e-01,3.184737719324692851e-01
7.660000000000000142e-01,3.161161719504249623e-01
7.680000000000000160e-01,3.137900027805276548e-01
7.700000000000000178e-01,3.114930782488414818e-01
7.720000000000000195e-01,3.092220170553270364e-01
7.740000000000000213e-01,3.069727394946819565e-01
7.760000000000000231e-01,3.047408304052504624e-01
7.780000000000000249e-01,3.025228796524145336e-01
7.800000000000000266e-01,3.003152925479085633e-01
7.820000000000000284e-01,2.981135107488834257e-01
7.840000000000000302e-01,2.959144161009938379e-01
7.860000000000000320e-01,2.937160468010124315e-01
7.880000000000000338e-01,2.915177914645128987e-01
7.900000000000000355e-01,2.893193266200566605e-01
7.920000000000000373e-01,2.871203686971777191e-01
7.940000000000000391e-01,2.849205363173712979e-01
7.960000000000000409e-01,2.827196689697244469e-01
7.980000000000000426e-01,2.805189015361679861e-01
8.000000000000000444e-01,2.783194759215967817e-01
8.020000000000000462e-01,2.761228439965565107e-01
8.040000000000000480e-01,2.739303136594716803e-01
8.060000000000000497e-01,2.717445414531688419e-01
8.080000000000000515e-01,2.695692147256711912e-01
8.100000000000000533e-01,2.674092074486451587e-01
8.120000000000000551e-01,2.652700669520337007e-01
8.139999999999999458e-01,2.631566680475149189e-01
8.159999999999999476e-01,2.610732289083333990e-01
8.179999999999999494e-01,2.590240894874523692e-01
8.199999999999999512e-01,2.570140146652412638e-01
8.219999999999999529e-01,2.550470847074319813e-01
8.239999999999999547e-01,2.531249185626691101e-01
8.259999999999999565e-01,2.512474979828147048e-01
8.279999999999999583e-01,2.494137525473972272e-01
8.299999999999999600e-01,2.476225201899007189e-01
8.319999999999999618e-01,2.458710760025654696e-01
8.339999999999999636e-01,2.441569581769174324e-01
8.359999999999999654e-01,2.424782010875059790e-01
8.379999999999999671e-01,2.408343860863280117e-01
8.399999999999999689e-01,2.392251992555811668e-01
8.419999999999999707e-01,2.376495290133373295e-01
8.439999999999999725e-01,2.361077117085061405e-01
8.459999999999999742e-01,2.345999807144388827e-01
8.479999999999999760e-01,2.331251394654526576e-01
8.499999999999999778e-01,2.316812667545356252e-01
8.519999999999999796e-01,2.302660486947511742e-01
8.539999999999999813e-01,2.288762311858406062e-01
8.559999999999999831e-01,2.275090439421962318e-01
8.579999999999999849e-01,2.261615010733115660e-01
8.599999999999999867e-01,2.248305235454695628e-01
8.619999999999999885e-01,2.235136760563788683e-01
8.639999999999999902e-01,2.222104901868795779e-01
8.659999999999999920e-01,2.209211405250461890e-01
8.679999999999999938e-01,2.196464273201468309e-01
8.699999999999999956e-01,2.183876717367359555e-01
8.719999999999999973e-01,2.171453746280053165e-01
8.739999999999999991e-01,2.159195388263527304e-01
8.760000000000000009e-01,2.147095450827740670e-01
8.780000000000000027e-01,2.135154648382919795e-01
8.800000000000000044e-01,2.123386607231825263e-01
8.820000000000000062e-01,2.111812694230940368e-01
8.840000000000000080e-01,2.100443634063957621e-01
8.860000000000000098e-01,2.089282436592042602e-01
8.880000000000000115e-01,2.078324202397004994e-01
8.900000000000000133e-01,2.067562197870810858e-01
8.920000000000000151e-01,2.056971907364215368e-01
8.940000000000000169e-01,2.046514972242610697e-01
8.960000000000000187e-01,2.036149384887884217e-01
8.980000000000000204e-01,2.025837685174102232e-01
9.000000000000000222e-01,2.015551493293991359e-01
9.020000000000000240e-01,2.005273307140146566e-01
9.040000000000000258e-01,1.995001056680875684e-01
9.060000000000000275e-01,1.984747000818138374e-01
9.080000000000000293e-01,1.974523339902092556e-01
9.100000000000000311e-01,1.964329772656253359e-01
9.120000000000000329e-01,1.954164381928062688e-01
9.140000000000000346e-01,1.944017156165383231e-01
9.160000000000000364e-01,1.933865144285484283e-01
9.180000000000000382e-01,1.923671553717705707e-01
9.200000000000000400e-01,1.913392697098987572e-01
9.220000000000000417e-01,1.902994489673086320e-01
9.240000000000000435e-01,1.892459174102994468e-01
9.260000000000000453e-01,1.881779900936136618e-01
9.280000000000000471e-01,1.870955034456000254e-01
9.300000000000000488e-01,1.859986043399135536e-01
9.320000000000000506e-01,1.848867590545457684e-01
9.340000000000000524e-01,1.837601586093282058e-01
9.360000000000000542e-01,1.826196925390858317e-01
9.379999999999999449e-01,1.814676438345843301e-01
9.399999999999999467e-01,1.803064098134202764e-01
9.419999999999999485e-01,1.791370079209076149e-01
9.439999999999999503e-01,1.779599374560195957e-01
9.459999999999999520e-01,1.767756749830333707e-01
9.479999999999999538e-01,1.755844576867409135e-01
9.499999999999999556e-01,1.743864492411684730e-01
9.519999999999999574e-01,1.731837864666532500e-01
9.539999999999999591e-01,1.719800527476637586e-01
9.559999999999999609e-01,1.707787757501287584e-01
9.579999999999999627e-01,1.695834895821065058e-01
9.599999999999999645e-01,1.683981585114844859e-01
9.619999999999999662e-01,1.672263140662950953e-01
9.639999999999999680e-01,1.660708867512776798e-01
9.659999999999999698e-01,1.649341009704664018e-01
9.679999999999999716e-01,1.638175373425372061e-01
9.699999999999999734e-01,1.627223950259780172e-01
9.719999999999999751e-01,1.616491724082322889e-01
9.739999999999999769e-01,1.606002172035606301e-01
9.759999999999999787e-01,1.595782569301502085e-01
9.779999999999999805e-01,1.585854499478821789e-01
9.799999999999999822e-01,1.576225480688340785e-01
9.819999999999999840e-01,1.566897628522606611e-01
9.839999999999999858e-01,1.557855903659898511e-01
9.859999999999999876e-01,1.549069626786885590e-01
9.879999999999999893e-01,1.540511654739087077e-01
9.899999999999999911e-01,1.532158718541777875e-01
9.919999999999999929e-01,1.523986926949260634e-01
9.939999999999999947e-01,1.515977005463179095e-01
9.959999999999999964e-01,1.508113113386082560e-01
9.979999999999999982e-01,1.500385473202238140e-01
1.000000000000000000e+00,1.492785968306479805e-01
1.002000000000000002e+00,1.485308905440737015e-01
1.004000000000000004e+00,1.477949071536393544e-01
1.006000000000000005e+00,1.470692101647262662e-01
1.008000000000000007e+00,1.463521370550056877e-01
1.010000000000000009e+00,1.456430103947039534e-01
1.012000000000000011e+00,1.449421198273108113e-01
1.014000000000000012e+00,1.442478543859140871e-01
1.016000000000000014e+00,1.435569007375739892e-01
1.018000000000000016e+00,1.428665882484273786e-01
1.020000000000000018e+00,1.421744497950348518e-01
1.022000000000000020e+00,1.414782895973497046e-01
1.024000000000000021e+00,1.407762689921861765e-01
1.026000000000000023e+00,1.400670560072252158e-01
1.028000000000000025e+00,1.393492591435248340e-01
1.030000000000000027e+00,1.386230505873861929e-01
1.032000000000000028e+00,1.378885965004186531e-01
1.034000000000000030e+00,1.371465856514892945e-01
1.036000000000000032e+00,1.363982568522177363e-01
1.038000000000000034e+00,1.356446040207177628e-01
1.040000000000000036e+00,1.348863477070309791e-01
1.042000000000000037e+00,1.341248052525394197e-01
1.044000000000000039e+00,1.333610230368137695e-01
1.046000000000000041e+00,1.325955550652856418e-01
1.048000000000000043e+00,1.318295381377749820e-01
1.050000000000000044e+00,1.310644818975475190e-01
1.052000000000000046e+00,1.303017635384024486e-01
1.054000000000000048e+00,1.295429417447416798e-01
1.056000000000000050e+00,1.287892689547262270e-01
1.058000000000000052e+00,1.280412063183758997e-01
1.060000000000000053e+00,1.272991183728545694e-01
1.062000000000000055e+00,1.265634975574189136e-01
1.064000000000000057e+00,1.258339914253298608e-01
1.066000000000000059e+00,1.251100219629140142e-01
1.068000000000000060e+00,1.243922718862757043e-01
1.070000000000000062e+00,1.236827243303684765e-01
1.072000000000000064e+00,1.229843158687397436e-01
1.074000000000000066e+00,1.223003257164551882e-01
1.076000000000000068e+00,1.216334150196146380e-01
1.078000000000000069e+00,1.209859155737963432e-01
1.080000000000000071e+00,1.203605757835219947e-01
1.082000000000000073e+00,1.197601543180751016e-01
1.084000000000000075e+00,1.191871609714294789e-01
1.086000000000000076e+00,1.186438916490261952e-01
1.088000000000000078e+00,1.181314984372467403e-01
1.090000000000000080e+00,1.176497574553611036e-01
1.092000000000000082e+00,1.171976178193466500e-01
1.094000000000000083e+00,1.167725166380354229e-01
1.096000000000000085e+00,1.163709578210182227e-01
1.098000000000000087e+00,1.159903085332132933e-01
1.100000000000000089e+00,1.156274156570392952e-01
1.102000000000000091e+00,1.152791619422339348e-01
1.104000000000000092e+00,1.149437485740674031e-01
1.106000000000000094e+00,1.146186411180887127e-01
1.108000000000000096e+00,1.143019139028230990e-01
1.110000000000000098e+00,1.139916649341325694e-01
1.112000000000000099e+00,1.136864059873285010e-01
1.114000000000000101e+00,1.133856632975679402e-01
1.116000000000000103e+00,1.130892210729267100e-01
1.118000000000000105e+00,1.127971878794325616e-01
1.120000000000000107e+00,1.125095245235536168e-01
1.122000000000000108e+00,1.122255909915122196e-01
1.124000000000000110e+00,1.119451190966170573e-01
1.125999999999999890e+00,1.116673733876958896e-01
1.127999999999999892e+00,1.113917672679367726e-01
1.129999999999999893e+00,1.111175917638936583e-01
1.131999999999999895e+00,1.108437608953567605e-01
1.133999999999999897e+00,1.105689935748120356e-01
1.135999999999999899e+00,1.102919250384184618e-01
1.137999999999999901e+00,1.100106741449780323e-01
1.139999999999999902e+00,1.097244925062390575e-01
1.141999999999999904e+00,1.094323740507315984e-01
1.143999999999999906e+00,1.091330987630732691e-01
1.145999999999999908e+00,1.088251407496565182e-01
1.147999999999999909e+00,1.085062182919696028e-01
1.149999999999999911e+00,1.081746112795441139e-01
1.151999999999999913e+00,1.078298294811329272e-01
1.153999999999999915e+00,1.074722415060960778e-01
1.155999999999999917e+00,1.071025634358120787e-01
1.157999999999999918e+00,1.067210051930587850e-01
1.159999999999999920e+00,1.063284758340901914e-01
1.161999999999999922e+00,1.059270648996260555e-01
1.163999999999999924e+00,1.055198247565433678e-01
1.165999999999999925e+00,1.051099714884978220e-01
1.167999999999999927e+00,1.047002078212012077e-01
1.169999999999999929e+00,1.042928418922120098e-01
1.171999999999999931e+00,1.038894462178622663e-01
1.173999999999999932e+00,1.034907764956436993e-01
1.175999999999999934e+00,1.030974085368913384e-01
1.177999999999999936e+00,1.027092226142385378e-01
1.179999999999999938e+00,1.023254769890359350e-01
1.181999999999999940e+00,1.019451550229432818e-01
1.183999999999999941e+00,1.015672425377376065e-01
1.185999999999999943e+00,1.011912126195042699e-01
1.187999999999999945e+00,1.008156446650167043e-01
1.189999999999999947e+00,1.004388241528687831e-01
1.191999999999999948e+00,1.000597256241856220e-01
1.193999999999999950e+00,9.967756313194500728e-02
1.195999999999999952e+00,9.929155979836412627e-02
1.197999999999999954e+00,9.890112490770924802e-02
1.199999999999999956e+00,9.850659834240596546e-02
1.201999999999999957e+00,9.810808080755922811e-02
1.203999999999999959e+00,9.770519019649609449e-02
1.205999999999999961e+00,9.729779734986739037e-02
1.207999999999999963e+00,9.688610090811011766e-02
1.209999999999999964e+00,9.647092091005690651e-02
1.211999999999999966e+00,9.605302541660434845e-02
1.213999999999999968e+00,9.563290647925858090e-02
1.215999999999999970e+00,9.521170576336494829e-02
1.217999999999999972e+00,9.479095779394766663e-02
1.219999999999999973e+00,9.437214871799902427e-02
1.221999999999999975e+00,9.395711155611441434e-02
1.223999999999999977e+00,9.354874553372602430e-02
1.225999999999999979e+00,9.314929621816930849e-02
1.227999999999999980e+00,9.275995503937398134e-02
1.229999999999999982e+00,9.238106290228821627e-02
1.231999999999999984e+00,9.201331248033606247e-02
1.233999999999999986e+00,9.165807583781138135e-02
1.235999999999999988e+00,9.131513101124322240e-02
1.237999999999999989e+00,9.098292074291025600e-02
1.239999999999999991e+00,9.065992493544311470e-02
1.241999999999999993e+00,9.034475626138754878e-02
1.243999999999999995e+00,9.003655878527902501e-02
1.245999999999999996e+00,8.973474589334307083e-02
1.247999999999999998e+00,8.943886733419137425e-02
1.250000000000000000e+00,8.914891998718021959e-02
1.252000000000000002e+00,8.886560191280723497e-02
1.254000000000000004e+00,8.858943781892739122e-02
1.256000000000000005e+00,8.831979925936327136e-02
1.258000000000000007e+00,8.805582977692644198e-02
1.260000000000000009e+00,8.779618077580521318e-02
1.262000000000000011e+00,8.753988764614351048e-02
1.264000000000000012e+00,8.728688558005588682e-02
1.266000000000000014e+00,8.703609576887597066e-02
1.268000000000000016e+00,8.678576153534370285e-02
1.270000000000000018e+00,8.653420417599044789e-02
1.272000000000000020e+00,8.627950140268331181e-02
1.274000000000000021e+00,8.601959351464835701e-02
1.276000000000000023e+00,8.575313115765893779e-02
1.278000000000000025e+00,8.547962395051507400e-02
1.280000000000000027e+00,8.519943344265065721e-02
1.282000000000000028e+00,8.491322358882476273e-02
1.284000000000000030e+00,8.462145731461241660e-02
1.286000000000000032e+00,8.432508889983172939e-02
1.288000000000000034e+00,8.402619035857322727e-02
1.290000000000000036e+00,8.372654158663020429e-02
1.292000000000000037e+00,8.342622762626017430e-02
1.294000000000000039e+00,8.312535739877151275e-02
1.296000000000000041e+00,8.282450596811358201e-02
1.298000000000000043e+00,8.252509661898188575e-02
1.300000000000000044e+00,8.222866987166656261e-02
1.302000000000000046e+00,8.193655441233606285e-02
1.304000000000000048e+00,8.165084267019209752e-02
1.306000000000000050e+00,8.137373626652399938e-02
1.308000000000000052e+00,8.110584388669607458e-02
1.310000000000000053e+00,8.084657390851407444e-02
1.312000000000000055e+00,8.059390453826716094e-02
1.314000000000000057e+00,8.034510316415328923e-02
1.316000000000000059e+00,8.009767536195307180e-02
1.318000000000000060e+00,7.984938393489153519e-02
1.320000000000000062e+00,7.959801422994006170e-02
1.322000000000000064e+00,7.934152264925825593e-02
1.324000000000000066e+00,7.907696311118420085e-02
1.326000000000000068e+00,7.879981767931740211e-02
1.328000000000000069e+00,7.850605086361164830e-02
1.330000000000000071e+00,7.819300677762242024e-02
1.332000000000000073e+00,7.785930343470519321e-02
1.334000000000000075e+00,7.750480168368381606e-02
1.336000000000000076e+00,7.712976356914526266e-02
1.338000000000000078e+00,7.673462612537429450e-02
1.340000000000000080e+00,7.632095461649220092e-02
1.342000000000000082e+00,7.589144810264332464e-02
1.344000000000000083e+00,7.544836210386109132e-02
1.346000000000000085e+00,7.499309526800743142e-02
1.348000000000000087e+00,7.452744506521172263e-02
1.350000000000000089e+00,7.405333026650950945e-02
1.352000000000000091e+00,7.357274292923067505e-02
1.354000000000000092e+00,7.308746385138005508e-02
1.356000000000000094e+00,7.259893443120127299e-02
1.358000000000000096e+00,7.210884463902217378e-02
1.360000000000000098e+00,7.161854443540430215e-02
1.362000000000000099e+00,7.113001175509209295e-02
1.364000000000000101e+00,7.064473865667839081e-02
1.366000000000000103e+00,7.016401639861122308e-02
1.368000000000000105e+00,6.968908550280447645e-02
1.370000000000000107e+00,6.922064501800084813e-02
1.372000000000000108e+00,6.875858589823165279e-02
1.374000000000000110e+00,6.830262571930921511e-02
1.375999999999999890e+00,6.785214986825499617e-02
1.377999999999999892e+00,6.740635004770453853e-02
1.379999999999999893e+00,6.696559509719367254e-02
1.381999999999999895e+00,6.653089832561340233e-02
1.383999999999999897e+00,6.610364220633307974e-02
1.385999999999999899e+00,6.568551517604877266e-02
1.387999999999999901e+00,6.527812996793234956e-02
1.389999999999999902e+00,6.488206166316010104e-02
1.391999999999999904e+00,6.449734697187380073e-02
1.393999999999999906e+00,6.412384841021456783e-02
1.395999999999999908e+00,6.376201018940361176e-02
1.397999999999999909e+00,6.341274800181966043e-02
1.399999999999999911e+00,6.307699096273938766e-02
1.401999999999999913e+00,6.275588410844568088e-02
1.403999999999999915e+00,6.244917595214131978e-02
1.405999999999999917e+00,6.215606002849467099e-02
1.407999999999999918e+00,6.187568034496626623e-02
1.409999999999999920e+00,6.160762788064721301e-02
1.411999999999999922e+00,6.135160166781838259e-02
1.413999999999999924e+00,6.110669707551964758e-02
1.415999999999999925e+00,6.087139818331732677e-02
1.417999999999999927e+00,6.064416521117316217e-02
1.419999999999999929e+00,6.042394532826495662e-02
1.421999999999999931e+00,6.020853478964079131e-02
1.423999999999999932e+00,5.999438524271437367e-02
1.425999999999999934e+00,5.977717007800968652e-02
1.427999999999999936e+00,5.955304563528585060e-02
1.429999999999999938e+00,5.931942236023106385e-02
1.431999999999999940e+00,5.907549053561318708e-02
1.433999999999999941e+00,5.882156471987055185e-02
1.435999999999999943e+00,5.855791859502634811e-02
1.437999999999999945e+00,5.828468137406289662e-02
1.439999999999999947e+00,5.800274817728763577e-02
1.441999999999999948e+00,5.771322984844545756e-02
1.443999999999999950e+00,5.741762672836075998e-02
1.445999999999999952e+00,5.711797746755320482e-02
1.447999999999999954e+00,5.681616303538207513e-02
1.449999999999999956e+00,5.651351717622123128e-02
1.451999999999999957e+00,5.621091998401109291e-02
1.453999999999999959e+00,5.590952504028919717e-02
1.455999999999999961e+00,5.561085222914118054e-02
1.457999999999999963e+00,5.531631475810483423e-02
1.459999999999999964e+00,5.502703669586513080e-02
1.461999999999999966e+00,5.474412496432553427e-02
1.463999999999999968e+00,5.446821200104994681e-02
1.465999999999999970e+00,5.420019537443306751e-02
1.467999999999999972e+00,5.394195779620387238e-02
1.469999999999999973e+00,5.369454453951433975e-02
1.471999999999999975e+00,5.345734213931160883e-02
1.473999999999999977e+00,5.322969050961944004e-02
1.475999999999999979e+00,5.301081283404420613e-02
1.477999999999999980e+00,5.279991609281853987e-02
1.479999999999999982e+00,5.259670496812841878e-02
1.481999999999999984e+00,5.240132938465613677e-02
1.483999999999999986e+00,5.221398728202274880e-02
1.485999999999999988e+00,5.203474799904844045e-02
1.487999999999999989e+00,5.186370609463264447e-02
1.489999999999999991e+00,5.170006691786757647e-02
1.491999999999999993e+00,5.154203950225699771e-02
1.493999999999999995e+00,5.138809343629825027e-02
1.495999999999999996e+00,5.123698207097233948e-02
1.497999999999999998e+00,5.108747959594388266e-02
1.500000000000000000e+00,5.093842055126648893e-02
1.502000000000000002e+00,5.078893216209340311e-02
1.504000000000000004e+00,5.063862687916399069e-02
1.506000000000000005e+00,5.048685872909696587e-02
1.508000000000000007e+00,5.033288458102341129e-02
1.510000000000000009e+00,5.017616421770617480e-02
1.512000000000000011e+00,5.001612742074948437e-02
1.514000000000000012e+00,4.985146481777572719e-02
1.516000000000000014e+00,4.968102763351520124e-02
1.518000000000000016e+00,4.950426528908261070e-02
1.520000000000000018e+00,4.932129438402200333e-02
1.522000000000000020e+00,4.913281985357478843e-02
1.524000000000000021e+00,4.893902667523734179e-02
1.526000000000000023e+00,4.874004247319373151e-02
1.528000000000000025e+00,4.853558359722696253e-02
1.530000000000000027e+00,4.832476979819476381e-02
1.532000000000000028e+00,4.810727669287995223e-02
1.534000000000000030e+00,4.788297825854512246e-02
1.536000000000000032e+00,4.765168938388621850e-02
1.538000000000000034e+00,4.741319852753446418e-02
1.540000000000000036e+00,4.716790404789093089e-02
1.542000000000000037e+00,4.691658474823072467e-02
1.544000000000000039e+00,4.666009160450202559e-02
1.546000000000000041e+00,4.639876976668810132e-02
1.548000000000000043e+00,4.613331082255786586e-02
1.550000000000000044e+00,4.586477193302074956e-02
1.552000000000000046e+00,4.559411818704038610e-02
1.554000000000000048e+00,4.532221663702606235e-02
1.556000000000000050e+00,4.505010384198546158e-02
1.558000000000000052e+00,4.477887110573724322e-02
1.560000000000000053e+00,4.451009691284336239e-02
1.562000000000000055e+00,4.424603372509491872e-02
1.564000000000000057e+00,4.398877043675814003e-02
1.566000000000000059e+00,4.373941584230611052e-02
1.568000000000000060e+00,4.349893217987287064e-02
1.570000000000000062e+00,4.326709924813106067e-02
1.572000000000000064e+00,4.304230507624565161e-02
1.574000000000000066e+00,4.282288754111461537e-02
1.576000000000000068e+00,4.260777705637613239e-02
1.578000000000000069e+00,4.239624213041957163e-02
1.580000000000000071e+00,4.218740887084968666e-02
1.582000000000000073e+00,4.198195154853470723e-02
1.584000000000000075e+00,4.178185623601696902e-02
1.586000000000000076e+00,4.158909285734813110e-02
1.588000000000000078e+00,4.140554717891654218e-02
1.590000000000000080e+00,4.123358126252361228e-02
1.592000000000000082e+00,4.107578225884182810e-02
1.594000000000000083e+00,4.093344075691161127e-02
1.596000000000000085e+00,4.080754069981691601e-02
1.598000000000000087e+00,4.069830745799792038e-02
1.600000000000000089e+00,4.060525668173555619e-02
1.602000000000000091e+00,4.052705512147158212e-02
1.604000000000000092e+00,4.046120619721119138e-02
1.606000000000000094e+00,4.040431521482530652e-02
1.608000000000000096e+00,4.035362654985553271e-02
1.610000000000000098e+00,4.030724506928407697e-02
1.612000000000000099e+00,4.026321267282937516e-02
1.614000000000000101e+00,4.022009922730499648e-02
1.616000000000000103e+00,4.017797154357280465e-02
1.618000000000000105e+00,4.013696985430878494e-02
1.620000000000000107e+00,4.009681805152552625e-02
1.622000000000000108e+00,4.005658503737156984e-02
1.624000000000000110e+00,4.001536412368864731e-02
1.625999999999999890e+00,3.997258890061838876e-02
1.627999999999999892e+00,3.992737146422700723e-02
1.629999999999999893e+00,3.987846451586917612e-02
1.631999999999999895e+00,3.982482180200393185e-02
1.633999999999999897e+00,3.976613490202857842e-02
1.635999999999999899e+00,3.970220965353060683e-02
1.637999999999999901e+00,3.963294285351116886e-02
1.639999999999999902e+00,3.955798872047737447e-02
1.641999999999999904e+00,3.947703511463408754e-02
1.643999999999999906e+00,3.938964652321191862e-02
1.645999999999999908e+00,3.929533812093553846e-02
1.647999999999999909e+00,3.919352858070143664e-02
1.649999999999999911e+00,3.908361712041594216e-02
1.651999999999999913e+00,3.896567378219465555e-02
1.653999999999999915e+00,3.883979363916972849e-02
1.655999999999999917e+00,3.870628126089496746e-02
1.657999999999999918e+00,3.856532142386195905e-02
1.659999999999999920e+00,3.841681384910163727e-02
1.661999999999999922e+00,3.826068213075138613e-02
1.663999999999999924e+00,3.809680411072733502e-02
1.665999999999999925e+00,3.792525814045589333e-02
1.667999999999999927e+00,3.774738972048826552e-02
1.669999999999999929e+00,3.756505666348947808e-02
1.671999999999999931e+00,3.737992209278229172e-02
1.673999999999999932e+00,3.719311842404288138e-02
1.675999999999999934e+00,3.700493998475691548e-02
1.677999999999999936e+00,3.681496504948146564e-02
1.679999999999999938e+00,3.662250378774031812e-02
1.681999999999999940e+00,3.642763128208700157e-02
1.683999999999999941e+00,3.623091460421029586e-02
1.685999999999999943e+00,3.603313090250330475e-02
1.687999999999999945e+00,3.583436651601375894e-02
1.689999999999999947e+00,3.563426016206777680e-02
1.691999999999999948e+00,3.543284308341713984e-02
1.693999999999999950e+00,3.523089532033357035e-02
1.695999999999999952e+00,3.502909472152975628e-02
1.697999999999999954e+00,3.482744091521427360e-02
1.699999999999999956e+00,3.462587599865685900e-02
1.701999999999999957e+00,3.442424565926956864e-02
1.703999999999999959e+00,3.422203269578057844e-02
1.705999999999999961e+00,3.401826675602718369e-02
1.707999999999999963e+00,3.381218728907071924e-02
1.709999999999999964e+00,3.360323228368069376e-02
1.711999999999999966e+00,3.339134020333844877e-02
1.713999999999999968e+00,3.317638518112084323e-02
1.715999999999999970e+00,3.295844929630786790e-02
1.717999999999999972e+00,3.273765045287539005e-02
1.719999999999999973e+00,3.251389039669389663e-02
1.721999999999999975e+00,3.228702097464381665e-02
1.723999999999999977e+00,3.205738887163238349e-02
1.725999999999999979e+00,3.182578573852688775e-02
1.727999999999999980e+00,3.159379208804370676e-02
1.729999999999999982e+00,3.136349975926368966e-02
1.731999999999999984e+00,3.113661610520335882e-02
1.733999999999999986e+00,3.091522085126939545e-02
1.735999999999999988e+00,3.070136480576116100e-02
1.737999999999999989e+00,3.049643056622042270e-02
1.739999999999999991e+00,3.030090944656156984e-02
1.741999999999999993e+00,3.011456580130010552e-02
1.743999999999999995e+00,2.993729624419863566e-02
1.745999999999999996e+00,2.976899606417165306e-02
1.747999999999999998e+00,2.960918685767122138e-02
1.750000000000000000e+00,2.945793104600245849e-02
1.752000000000000002e+00,2.931553194551293068e-02
1.754000000000000004e+00,2.918266639886505504e-02
1.756000000000000005e+00,2.906015502416598242e-02
1.758000000000000007e+00,2.894827696711639933e-02
1.760000000000000009e+00,2.884712684979341690e-02
1.762000000000000011e+00,2.875615578210943823e-02
1.764000000000000012e+00,2.867448597894342935e-02
1.766000000000000014e+00,2.860134690787118766e-02
1.768000000000000016e+00,2.853581421693080628e-02
1.770000000000000018e+00,2.847731272440764266e-02
1.772000000000000020e+00,2.842515064397148697e-02
1.774000000000000021e+00,2.837844411367234504e-02
1.776000000000000023e+00,2.833679332536859219e-02
1.778000000000000025e+00,2.830003105800202312e-02
1.780000000000000027e+00,2.826742301692259512e-02
1.782000000000000028e+00,2.823823192657350795e-02
1.784000000000000030e+00,2.821248721965598227e-02
1.786000000000000032e+00,2.819106838679342336e-02
1.788000000000000034e+00,2.817494126355441636e-02
1.790000000000000036e+00,2.816421373587039978e-02
1.792000000000000037e+00,2.815904321742649860e-02
1.794000000000000039e+00,2.815911366142849828e-02
1.796000000000000041e+00,2.816333209082792777e-02
1.798000000000000043e+00,2.817091246684711586e-02
1.800000000000000044e+00,2.818079554670111647e-02
1.802000000000000046e+00,2.819166064361619886e-02
1.804000000000000048e+00,2.820239440370416947e-02
1.806000000000000050e+00,2.821184878678463862e-02
1.808000000000000052e+00,2.821941841498348813e-02
1.810000000000000053e+00,2.822491732708449358e-02
1.812000000000000055e+00,2.822836331701281121e-02
1.814000000000000057e+00,2.822933523351057669e-02
1.816000000000000059e+00,2.822656003892932280e-02
1.818000000000000060e+00,2.821833832892616661e-02
1.820000000000000062e+00,2.820253071914621823e-02
1.822000000000000064e+00,2.817694800116929063e-02
1.824000000000000066e+00,2.814018769538913917e-02
1.826000000000000068e+00,2.809128362288432212e-02
1.828000000000000069e+00,2.802938529474844481e-02
1.830000000000000071e+00,2.795348084779975331e-02
1.832000000000000073e+00,2.786221859343219684e-02
1.834000000000000075e+00,2.775508361646338365e-02
1.836000000000000076e+00,2.763198266858626212e-02
1.838000000000000078e+00,2.749307649650211544e-02
1.840000000000000080e+00,2.733876291479164777e-02
1.842000000000000082e+00,2.716984952945875748e-02
1.844000000000000083e+00,2.698720359032467930e-02
1.846000000000000085e+00,2.679137754331861743e-02
1.848000000000000087e+00,2.658302484178861128e-02
1.850000000000000089e+00,2.636317036839481986e-02
1.852000000000000091e+00,2.613306837036915437e-02
1.854000000000000092e+00,2.589325951251221503e-02
1.856000000000000094e+00,2.564397293677295880e-02
1.858000000000000096e+00,2.538523868860011190e-02
1.860000000000000098e+00,2.511736331731271449e-02
1.862000000000000099e+00,2.484053509375160756e-02
1.864000000000000101e+00,2.455511226303276617e-02
1.866000000000000103e+00,2.426207703705913002e-02
1.868000000000000105e+00,2.396396650742161488e-02
1.870000000000000107e+00,2.366419101444715289e-02
1.872000000000000108e+00,2.336597001038242388e-02
1.874000000000000110e+00,2.307188984980178964e-02
1.875999999999999890e+00,2.278367686010798754e-02
1.877999999999999892e+00,2.250275063484473079e-02
1.879999999999999893e+00,2.223048644367452142e-02
1.881999999999999895e+00,2.196870566207033068e-02
1.883999999999999897e+00,2.171958989555840616e-02
1.885999999999999899e+00,2.148570254237942498e-02
1.887999999999999901e+00,2.127026690881731602e-02
1.889999999999999902e+00,2.107587906302210365e-02
1.891999999999999904e+00,2.090409910648728664e-02
1.893999999999999906e+00,2.075578401564714959e-02
1.895999999999999908e+00,2.063185711062161948e-02
1.897999999999999909e+00,2.053334564866701392e-02
1.899999999999999911e+00,2.046100583557873553e-02
1.901999999999999913e+00,2.041478859061453266e-02
1.903999999999999915e+00,2.039414873896248231e-02
1.905999999999999917e+00,2.039831382156540376e-02
1.907999999999999918e+00,2.042596860997073632e-02
1.909999999999999920e+00,2.047574509153666719e-02
1.911999999999999922e+00,2.054590123072640509e-02
1.913999999999999924e+00,2.063389382941427375e-02
1.915999999999999925e+00,2.073641272953678436e-02
1.917999999999999927e+00,2.084991634232138957e-02
1.919999999999999929e+00,2.097110250681930022e-02
1.921999999999999931e+00,2.109714093926693540e-02
1.923999999999999932e+00,2.122502328447255920e-02
1.925999999999999934e+00,2.135169852195873200e-02
1.927999999999999936e+00,2.147442271856945389e-02
1.929999999999999938e+00,2.159065539020364397e-02
1.931999999999999940e+00,2.169786321089220427e-02
1.933999999999999941e+00,2.179392491988716915e-02
1.935999999999999943e+00,2.187727061460215117e-02
1.937999999999999945e+00,2.194644690982960888e-02
1.939999999999999947e+00,2.200073942592447110e-02
1.941999999999999948e+00,2.204016597041699027e-02
1.943999999999999950e+00,2.206537806051524914e-02
1.945999999999999952e+00,2.207742987947710830e-02
1.947999999999999954e+00,2.207752208857693618e-02
1.949999999999999956e+00,2.206708100724512345e-02
1.951999999999999957e+00,2.204751834568474678e-02
1.953999999999999959e+00,2.202012543407309147e-02
1.955999999999999961e+00,2.198622149694048553e-02
1.957999999999999963e+00,2.194686295841576096e-02
1.959999999999999964e+00,2.190281932777655288e-02
1.961999999999999966e+00,2.185461619836387079e-02
1.963999999999999968e+00,2.180239284649531858e-02
1.965999999999999970e+00,2.174576049794827576e-02
1.967999999999999972e+00,2.168417817448246160e-02
1.969999999999999973e+00,2.161726338844140519e-02
1.971999999999999975e+00,2.154469104339565289e-02
1.973999999999999977e+00,2.146562750439687944e-02
1.975999999999999979e+00,2.137893492645432866e-02
1.977999999999999980e+00,2.128361654100342434e-02
1.979999999999999982e+00,2.117883687820549393e-02
1.981999999999999984e+00,2.106378349249366302e-02
1.983999999999999986e+00,2.093833094079622717e-02
1.985999999999999988e+00,2.080327792917889204e-02
1.987999999999999989e+00,2.065994090611296408e-02
1.989999999999999991e+00,2.050972512583151830e-02
1.991999999999999993e+00,2.035350069319514371e-02
1.993999999999999995e+00,2.019233173400318895e-02
1.995999999999999996e+00,2.002703508913063202e-02
1.997999999999999998e+00,1.985857762896206524e-02
2.000000000000000000e+00,1.968804904701972405e-02
2.001999999999999780e+00,1.951623693303464191e-02
2.004000000000000004e+00,1.934349477601175760e-02
2.005999999999999783e+00,1.917024704676114841e-02
2.008000000000000007e+00,1.899733686246997399e-02
2.009999999999999787e+00,1.882545403609608287e-02
2.012000000000000011e+00,1.865520169659319952e-02
2.013999999999999790e+00,1.848666013157021504e-02
2.016000000000000014e+00,1.831973040747893189e-02
2.017999999999999794e+00,1.815414738204929393e-02
2.020000000000000018e+00,1.798933417415557803e-02
2.021999999999999797e+00,1.782463095108377873e-02
2.024000000000000021e+00,1.766041761303926289e-02
2.025999999999999801e+00,1.749761518304328300e-02
2.028000000000000025e+00,1.733774056187806223e-02
2.029999999999999805e+00,1.718199039159811967e-02
2.032000000000000028e+00,1.703198143260252484e-02
2.033999999999999808e+00,1.688970734187340145e-02
2.036000000000000032e+00,1.675737836125692354e-02
2.037999999999999812e+00,1.663658697339476245e-02
2.040000000000000036e+00,1.652783291376812985e-02
2.041999999999999815e+00,1.643122878831848946e-02
2.044000000000000039e+00,1.634648100847329102e-02
2.045999999999999819e+00,1.627303007680691235e-02
2.048000000000000043e+00,1.621054777727395230e-02
2.049999999999999822e+00,1.615862432887414310e-02
2.052000000000000046e+00,1.611648230254750236e-02
2.053999999999999826e+00,1.608302131627330558e-02
2.056000000000000050e+00,1.605751062932398235e-02
2.057999999999999829e+00,1.603964410507774385e-02
2.060000000000000053e+00,1.602930320973785031e-02
2.061999999999999833e+00,1.602614775040179726e-02
2.064000000000000057e+00,1.602949841728168456e-02
2.065999999999999837e+00,1.603805057724862898e-02
2.068000000000000060e+00,1.605091961881878124e-02
2.069999999999999840e+00,1.606725200413514770e-02
2.072000000000000064e+00,1.608643546295254745e-02
2.073999999999999844e+00,1.610813735710524622e-02
2.076000000000000068e+00,1.613205092490232681e-02
2.077999999999999847e+00,1.615781406491694633e-02
2.080000000000000071e+00,1.618482236022198914e-02
2.081999999999999851e+00,1.621242534013215414e-02
2.084000000000000075e+00,1.623984543251959581e-02
2.085999999999999854e+00,1.626571428282127738e-02
2.088000000000000078e+00,1.628854595764903102e-02
2.089999999999999858e+00,1.630746539769255266e-02
2.092000000000000082e+00,1.632235322630733523e-02
2.093999999999999861e+00,1.633340409444298050e-02
2.096000000000000085e+00,1.634088596367246071e-02
2.097999999999999865e+00,1.634527210069032163e-02
2.100000000000000089e+00,1.634728206869770842e-02
2.101999999999999869e+00,1.634715433709351545e-02
2.104000000000000092e+00,1.634504169255063949e-02
2.105999999999999872e+00,1.634036459497249447e-02
2.108000000000000096e+00,1.633157531872518609e-02
2.109999999999999876e+00,1.631704074034228194e-02
2.112000000000000099e+00,1.629547941164161129e-02
2.113999999999999879e+00,1.626596273957756078e-02
2.116000000000000103e+00,1.622775720188145143e-02
2.117999999999999883e+00,1.618035370062669356e-02
2.120000000000000107e+00,1.612323316995747588e-02
2.121999999999999886e+00,1.605654905720968126e-02
2.124000000000000110e+00,1.598094418654882540e-02
2.125999999999999890e+00,1.589769243459117354e-02
2.128000000000000114e+00,1.580751161538410804e-02
2.129999999999999893e+00,1.571068592984079318e-02
2.132000000000000117e+00,1.560760228730350557e-02
2.133999999999999897e+00,1.549833475817058090e-02
2.136000000000000121e+00,1.538310193029196818e-02
2.137999999999999901e+00,1.526227564745725324e-02
2.140000000000000124e+00,1.513579539143139994e-02
2.141999999999999904e+00,1.500323004838738546e-02
2.144000000000000128e+00,1.486411832392104358e-02
2.145999999999999908e+00,1.471823134285313826e-02
2.148000000000000131e+00,1.456522610372372982e-02
2.149999999999999911e+00,1.440481600517978279e-02
2.152000000000000135e+00,1.423730104288631164e-02
2.153999999999999915e+00,1.406350150852768086e-02
2.156000000000000139e+00,1.388400285623097447e-02
2.157999999999999918e+00,1.369915547113500706e-02
2.160000000000000142e+00,1.350947231652706824e-02
2.161999999999999922e+00,1.331576317730247087e-02
2.164000000000000146e+00,1.311884562226423370e-02
2.165999999999999925e+00,1.291993115224799107e-02
2.168000000000000149e+00,1.272053453756313152e-02
2.169999999999999929e+00,1.252219849409252038e-02
2.172000000000000153e+00,1.232674778970419688e-02
2.173999999999999932e+00,1.213647764435469602e-02
2.176000000000000156e+00,1.195378513750301741e-02
2.177999999999999936e+00,1.178081622768366657e-02
2.180000000000000160e+00,1.161866871038093850e-02
2.181999999999999940e+00,1.146741796622185311e-02
2.184000000000000163e+00,1.132652190080167195e-02
2.185999999999999943e+00,1.119533199147837096e-02
2.188000000000000167e+00,1.107335512787972764e-02
2.189999999999999947e+00,1.096002688037662348e-02
2.192000000000000171e+00,1.085482829895014108e-02
2.193999999999999950e+00,1.075659983193931642e-02
2.196000000000000174e+00,1.066417845381629863e-02
2.197999999999999954e+00,1.057631225902312851e-02
2.200000000000000178e+00,1.049135345534970599e-02
2.201999999999999957e+00,1.040784461806308972e-02
2.204000000000000181e+00,1.032411621753736436e-02
2.205999999999999961e+00,1.023818865962102496e-02
2.208000000000000185e+00,1.014862390439800685e-02
2.209999999999999964e+00,1.005493050642305812e-02
2.212000000000000188e+00,9.957092493138853390e-03
2.213999999999999968e+00,9.855801825478332362e-03
2.216000000000000192e+00,9.752319902101619711e-03
2.217999999999999972e+00,9.648354983532753115e-03
2.220000000000000195e+00,9.545083543776377438e-03
2.221999999999999975e+00,9.442960531229893650e-03
2.224000000000000199e+00,9.341950512377766858e-03
2.225999999999999979e+00,9.242205899058183668e-03
2.228000000000000203e+00,9.144011510632609613e-03
2.229999999999999982e+00,9.046680134119602229e-03
2.232000000000000206e+00,8.949120533484719586e-03
2.233999999999999986e+00,8.850739235126981949e-03
2.236000000000000210e+00,8.751156602738594664e-03
2.237999999999999989e+00,8.650056216400121498e-03
2.240000000000000213e+00,8.547324856012361929e-03
2.241999999999999993e+00,8.442784202010999994e-03
2.244000000000000217e+00,8.336304249829038643e-03
2.245999999999999996e+00,8.227601700657219061e-03
2.248000000000000220e+00,8.116695821816101442e-03
2.250000000000000000e+00,8.004234137860798126e-03
2.251999999999999780e+00,7.891543581816984343e-03
2.254000000000000004e+00,7.779585935979993483e-03
2.255999999999999783e+00,7.668912032186671682e-03
2.258000000000000007e+00,7.559724438130219909e-03
2.259999999999999787e+00,7.452570216934552294e-03
2.262000000000000011e+00,7.347848599940223074e-03
2.263999999999999790e+00,7.245857853329380760e-03
2.266000000000000014e+00,7.146987457056630869e-03
2.267999999999999794e+00,7.051871011076277403e-03
2.270000000000000018e+00,6.961173256813351154e-03
2.271999999999999797e+00,6.874671559716948738e-03
2.274000000000000021e+00,6.792084066490745517e-03
2.275999999999999801e+00,6.713495780391627067e-03
2.278000000000000025e+00,6.638931294991482455e-03
2.279999999999999805e+00,6.568570873941409829e-03
2.282000000000000028e+00,6.502506661356187607e-03
2.283999999999999808e+00,6.440800544233325070e-03
2.286000000000000032e+00,6.383332111094925168e-03
2.287999999999999812e+00,6.329882641697613666e-03
2.290000000000000036e+00,6.280429918915374915e-03
2.291999999999999815e+00,6.234563503055599171e-03
2.294000000000000039e+00,6.191985667547606279e-03
2.295999999999999819e+00,6.152291609272515956e-03
2.298000000000000043e+00,6.115393229120107653e-03
2.299999999999999822e+00,6.081219620387789439e-03
2.302000000000000046e+00,6.049956786135756749e-03
2.303999999999999826e+00,6.021420979179089791e-03
2.306000000000000050e+00,5.994838776830638608e-03
2.307999999999999829e+00,5.969345944813273658e-03
2.310000000000000053e+00,5.944369906218974556e-03
2.311999999999999833e+00,5.919579449608249402e-03
2.314000000000000057e+00,5.894427585357554789e-03
2.315999999999999837e+00,5.868166408207139279e-03
2.318000000000000060e+00,5.840255966527743182e-03
2.319999999999999840e+00,5.810512569119625874e-03
2.322000000000000064e+00,5.778377225777210635e-03
2.323999999999999844e+00,5.743361660047898061e-03
2.326000000000000068e+00,5.704971607005294640e-03
2.327999999999999847e+00,5.662475102140027486e-03
2.330000000000000071e+00,5.615548977919056217e-03
2.331999999999999851e+00,5.563886815471818202e-03
2.334000000000000075e+00,5.506927049383454793e-03
2.335999999999999854e+00,5.443844170293607107e-03
2.338000000000000078e+00,5.373436511261314198e-03
2.339999999999999858e+00,5.294641872086672946e-03
2.342000000000000082e+00,5.206490431323649790e-03
2.343999999999999861e+00,5.108440218746877065e-03
2.346000000000000085e+00,4.999871599886602548e-03
2.347999999999999865e+00,4.879937643921327707e-03
2.350000000000000089e+00,4.748111258834908539e-03
2.351999999999999869e+00,4.604709597577047973e-03
2.354000000000000092e+00,4.450336992831982474e-03
2.355999999999999872e+00,4.285632936893824831e-03
2.358000000000000096e+00,4.111376332034471018e-03
2.359999999999999876e+00,3.928669628835467290e-03
2.362000000000000099e+00,3.738650906664991828e-03
2.363999999999999879e+00,3.542534540553417093e-03
2.366000000000000103e+00,3.341273729733331560e-03
2.367999999999999883e+00,3.135237679770014503e-03
2.370000000000000107e+00,2.924790108314008399e-03
2.371999999999999886e+00,2.711173608874492373e-03
2.374000000000000110e+00,2.495893880509730128e-03
2.375999999999999890e+00,2.280160583075059415e-03
2.378000000000000114e+00,2.065152495360963406e-03
2.379999999999999893e+00,1.851552605720356267e-03
2.382000000000000117e+00,1.639474988816267288e-03
2.383999999999999897e+00,1.429316670409608390e-03
2.386000000000000121e+00,1.221918879915386003e-03
2.387999999999999901e+00,1.017760785499986602e-03
2.390000000000000124e+00,8.168967278079987708e-04
2.391999999999999904e+00,6.192328685750654376e-04
2.394000000000000128e+00,4.246877540743481381e-04
2.395999999999999908e+00,2.327678842702053338e-04
2.398000000000000131e+00,4.343129155683664137e-05
2.399999999999999911e+00,-1.434351167104492729e-04
2.402000000000000135e+00,-3.281950573662990324e-04
2.403999999999999915e+00,-5.105722091577341451e-04
2.406000000000000139e+00,-6.897685464167129833e-04
2.407999999999999918e+00,-8.646842227055651477e-04
2.410000000000000142e+00,-1.034657994500854739e-03
2.411999999999999922e+00,-1.199207556596440906e-03
2.414000000000000146e+00,-1.358353607298479811e-03
2.415999999999999925e+00,-1.512282035426041216e-03
2.418000000000000149e+00,-1.660938273703770410e-03
2.419999999999999929e+00,-1.804779935522830055e-03
2.422000000000000153e+00,-1.943908389584314512e-03
2.423999999999999932e+00,-2.078255900265732394e-03
2.426000000000000156e+00,-2.207809108406611626e-03
2.427999999999999936e+00,-2.332974515039673048e-03
2.430000000000000160e+00,-2.454438636110788802e-03
2.431999999999999940e+00,-2.572846315693246445e-03
2.434000000000000163e+00,-2.688817117783913295e-03
2.435999999999999943e+00,-2.802870519432752294e-03
2.438000000000000167e+00,-2.915728518570898271e-03
2.439999999999999947e+00,-3.028098570243262667e-03
2.442000000000000171e+00,-3.140325520255139551e-03
2.443999999999999950e+00,-3.252616756371721173e-03
2.446000000000000174e+00,-3.364640988710744691e-03
2.447999999999999954e+00,-3.476015170091438164e-03
2.450000000000000178e+00,-3.585905446800599031e-03
2.451999999999999957e+00,-3.693044887402738459e-03
2.454000000000000181e+00,-3.796205873336912315e-03
2.455999999999999961e+00,-3.894722278625968419e-03
2.458000000000000185e+00,-3.988300434929206544e-03
2.459999999999999964e+00,-4.077372552452886503e-03
2.462000000000000188e+00,-4.162805849651625423e-03
2.463999999999999968e+00,-4.245494223449431531e-03
2.466000000000000192e+00,-4.326065475894680899e-03
2.467999999999999972e+00,-4.404874462529113563e-03
2.470000000000000195e+00,-4.482386507306548862e-03
2.471999999999999975e+00,-4.559184321253464782e-03
2.474000000000000199e+00,-4.635754081128314746e-03
2.475999999999999979e+00,-4.712439668320959028e-03
2.478000000000000203e+00,-4.789850932877280643e-03
2.479999999999999982e+00,-4.868455816030845158e-03
2.482000000000000206e+00,-4.948717130626428123e-03
2.483999999999999986e+00,-5.030734871370001575e-03
2.486000000000000210e+00,-5.114643271178392556e-03
2.487999999999999989e+00,-5.200514048661403731e-03
2.490000000000000213e+00,-5.288323842417825757e-03
2.491999999999999993e+00,-5.377921363439293334e-03
2.494000000000000217e+00,-5.469046350589402972e-03
2.495999999999999996e+00,-5.561399887970357690e-03
2.498000000000000220e+00,-5.654869105937545062e-03
2.500000000000000000e+00,-5.748922153421573249e-03
2.501999999999999780e+00,-5.842952806428613338e-03
2.504000000000000004e+00,-5.936078723327822132e-03
2.505999999999999783e+00,-6.027251178082647549e-03
2.508000000000000007e+00,-6.115403342671958675e-03
2.509999999999999787e+00,-6.199663104000432620e-03
2.512000000000000011e+00,-6.279410716995112614e-03
2.513999999999999790e+00,-6.354233067406600197e-03
2.516000000000000014e+00,-6.423696899463166715e-03
2.517999999999999794e+00,-6.487846475118790902e-03
2.520000000000000018e+00,-6.547402992067901696e-03
2.521999999999999797e+00,-6.602984980940075806e-03
2.524000000000000021e+00,-6.655169830403625912e-03
2.525999999999999801e+00,-6.704528376100611121e-03
2.528000000000000025e+00,-6.751698350568698624e-03
2.529999999999999805e+00,-6.797612872608709000e-03
2.532000000000000028e+00,-6.843676853757552428e-03
2.533999999999999808e+00,-6.891402059637509805e-03
2.536000000000000032e+00,-6.942390778186437704e-03
2.537999999999999812e+00,-6.998111694539860088e-03
2.540000000000000036e+00,-7.059583899537633100e-03
2.541999999999999815e+00,-7.127137813486471296e-03
2.544000000000000039e+00,-7.200656823925856084e-03
2.545999999999999819e+00,-7.280193858497255831e-03
2.548000000000000043e+00,-7.365538707869970572e-03
2.549999999999999822e+00,-7.456368063414875458e-03
2.552000000000000046e+00,-7.552005230229625818e-03
2.553999999999999826e+00,-7.651373485735163404e-03
2.556000000000000050e+00,-7.753416254623512333e-03
2.557999999999999829e+00,-7.856856276012871149e-03
2.560000000000000053e+00,-7.960459699235176295e-03
2.561999999999999833e+00,-8.063234720301662786e-03
2.564000000000000057e+00,-8.164436108014242258e-03
2.565999999999999837e+00,-8.263337472133990697e-03
2.568000000000000060e+00,-8.359184322481987700e-03
2.569999999999999840e+00,-8.451056089844141000e-03
2.572000000000000064e+00,-8.538477736316059385e-03
2.573999999999999844e+00,-8.621681889552059580e-03
2.576000000000000068e+00,-8.700958583366152216e-03
2.577999999999999847e+00,-8.776532853497380493e-03
2.580000000000000071e+00,-8.848285395385822177e-03
2.581999999999999851e+00,-8.916289993227273850e-03
2.584000000000000075e+00,-8.980653792016103643e-03
2.585999999999999854e+00,-9.041731226439881502e-03
2.588000000000000078e+00,-9.100376206833555789e-03
2.589999999999999858e+00,-9.157744450141698869e-03
2.592000000000000082e+00,-9.215108066691882552e-03
2.593999999999999861e+00,-9.273540198015245081e-03
2.596000000000000085e+00,-9.334259085902256795e-03
2.597999999999999865e+00,-9.398145258280320852e-03
2.600000000000000089e+00,-9.465503570625822746e-03
2.601999999999999869e+00,-9.536031846720563823e-03
2.604000000000000092e+00,-9.609114257538199297e-03
2.605999999999999872e+00,-9.683751044927630183e-03
2.608000000000000096e+00,-9.758694328182273073e-03
2.609999999999999876e+00,-9.832931711496434302e-03
2.612000000000000099e+00,-9.905111809872212125e-03
2.613999999999999879e+00,-9.973862488998062534e-03
2.616000000000000103e+00,-1.003747457700130893e-02
2.617999999999999883e+00,-1.009451648079798605e-02
2.620000000000000107e+00,-1.014427923803606392e-02
2.621999999999999886e+00,-1.018669418469498635e-02
2.624000000000000110e+00,-1.022158286202599214e-02
2.625999999999999890e+00,-1.024866691226962445e-02
2.628000000000000114e+00,-1.026817039366731757e-02
2.629999999999999893e+00,-1.028079244119402963e-02
2.632000000000000117e+00,-1.028724192058576466e-02
2.633999999999999897e+00,-1.028766697292671749e-02
2.636000000000000121e+00,-1.028180969134853337e-02
2.637999999999999901e+00,-1.026969067445572190e-02
2.640000000000000124e+00,-1.025149446878024888e-02
2.641999999999999904e+00,-1.022744159877547049e-02
2.644000000000000128e+00,-1.019806042137455862e-02
2.645999999999999908e+00,-1.016409919525521760e-02
2.648000000000000131e+00,-1.012643776192000133e-02
2.649999999999999911e+00,-1.008565079488821063e-02
2.652000000000000135e+00,-1.004229574608794459e-02
2.653999999999999915e+00,-9.997148287977880229e-03
2.656000000000000139e+00,-9.951462751028768150e-03
2.657999999999999918e+00,-9.906640667629262181e-03
2.660000000000000142e+00,-9.863496661388424305e-03
2.661999999999999922e+00,-9.822015070241500029e-03
2.664000000000000146e+00,-9.781924328201596977e-03
2.665999999999999925e+00,-9.743410141950122755e-03
2.668000000000000149e+00,-9.706950759651753607e-03
2.669999999999999929e+00,-9.672634515865783517e-03
2.672000000000000153e+00,-9.640680721997835212e-03
2.673999999999999932e+00,-9.611081739394091578e-03
2.676000000000000156e+00,-9.583502287156065239e-03
2.677999999999999936e+00,-9.557669751831457741e-03
2.680000000000000160e+00,-9.533466292620165067e-03
2.681999999999999940e+00,-9.510439522095050224e-03
2.684000000000000163e+00,-9.488089542095850745e-03
2.685999999999999943e+00,-9.466167559772227860e-03
2.688000000000000167e+00,-9.444432643095117957e-03
2.689999999999999947e+00,-9.422885811467662798e-03
2.692000000000000171e+00,-9.401720419267959455e-03
2.693999999999999950e+00,-9.381052575742480568e-03
2.696000000000000174e+00,-9.360702024982528457e-03
2.697999999999999954e+00,-9.340684665735886696e-03
2.700000000000000178e+00,-9.320969318762518246e-03
2.701999999999999957e+00,-9.301802010348003344e-03
2.704000000000000181e+00,-9.283488849430070883e-03
2.705999999999999961e+00,-9.266436446970819155e-03
2.708000000000000185e+00,-9.250894851165229402e-03
2.709999999999999964e+00,-9.236751636457252862e-03
2.712000000000000188e+00,-9.223727606697922077e-03
2.713999999999999968e+00,-9.211403933657238280e-03
2.716000000000000192e+00,-9.199249081938731462e-03
2.717999999999999972e+00,-9.186735427729931028e-03
2.720000000000000195e+00,-9.173738744425235722e-03
2.721999999999999975e+00,-9.159984805837654773e-03
2.724000000000000199e+00,-9.145245334907372431e-03
2.725999999999999979e+00,-9.129300442588103234e-03
2.728000000000000203e+00,-9.112236400561610911e-03
2.729999999999999982e+00,-9.094292475332530629e-03
2.732000000000000206e+00,-9.075539208912308115e-03
2.733999999999999986e+00,-9.055775165987276290e-03
2.736000000000000210e+00,-9.035173868811660278e-03
2.737999999999999989e+00,-9.014041712148451735e-03
2.740000000000000213e+00,-8.992755486884409372e-03
2.741999999999999993e+00,-8.971712285578397478e-03
2.744000000000000217e+00,-8.951162908961682318e-03
2.745999999999999996e+00,-8.931394337192257241e-03
2.748000000000000220e+00,-8.912536763394710709e-03
2.750000000000000000e+00,-8.895184363571832786e-03
2.751999999999999780e+00,-8.880448229469961249e-03
2.754000000000000004e+00,-8.869157239797555853e-03
2.755999999999999783e+00,-8.861392135346401674e-03
2.758000000000000007e+00,-8.856772856293507190e-03
2.759999999999999787e+00,-8.854822487646251544e-03
2.762000000000000011e+00,-8.855122900151828069e-03
2.763999999999999790e+00,-8.857289097138993858e-03
2.766000000000000014e+00,-8.860982096764348157e-03
2.767999999999999794e+00,-8.865973281437072515e-03
2.770000000000000018e+00,-8.871937135192223614e-03
2.771999999999999797e+00,-8.878217385038376930e-03
2.774000000000000021e+00,-8.884189145299824925e-03
2.775999999999999801e+00,-8.889349021462664494e-03
2.778000000000000025e+00,-8.893494844202053801e-03
2.779999999999999805e+00,-8.896493074890049133e-03
2.782000000000000028e+00,-8.898406898235384707e-03
2.783999999999999808e+00,-8.898900930517587848e-03
2.786000000000000032e+00,-8.897293404546053469e-03
2.787999999999999812e+00,-8.893009060847714350e-03
2.790000000000000036e+00,-8.885347025927860590e-03
2.791999999999999815e+00,-8.873429584672262380e-03
2.794000000000000039e+00,-8.856409649247585364e-03
2.795999999999999819e+00,-8.833665278998420814e-03
2.798000000000000043e+00,-8.804581554782021230e-03
2.799999999999999822e+00,-8.768332372369009101e-03
2.802000000000000046e+00,-8.724180308748609794e-03
2.803999999999999826e+00,-8.671736691908165512e-03
2.806000000000000050e+00,-8.611529223559611507e-03
2.807999999999999829e+00,-8.544750838917473945e-03
2.810000000000000053e+00,-8.472994770628338237e-03
2.811999999999999833e+00,-8.397704613681000740e-03
2.814000000000000057e+00,-8.319881746587161342e-03
2.815999999999999837e+00,-8.240506339344890602e-03
2.818000000000000060e+00,-8.160569909702351105e-03
2.819999999999999840e+00,-8.081120326019609543e-03
2.822000000000000064e+00,-8.003422851923370010e-03
2.823999999999999844e+00,-7.928565570619217073e-03
2.826000000000000068e+00,-7.857245134714302762e-03
2.827999999999999847e+00,-7.790019287044198763e-03
2.830000000000000071e+00,-7.727105073344309530e-03
2.831999999999999851e+00,-7.668267087032700803e-03
2.834000000000000075e+00,-7.613250543274708432e-03
2.835999999999999854e+00,-7.561914785649210928e-03
2.838000000000000078e+00,-7.513692933846067082e-03
2.839999999999999858e+00,-7.467908345121098898e-03
2.842000000000000082e+00,-7.423778936362258364e-03
2.843999999999999861e+00,-7.380368876049727550e-03
2.846000000000000085e+00,-7.336773206197118834e-03
2.847999999999999865e+00,-7.291875100602108854e-03
2.850000000000000089e+00,-7.244595769768348396e-03
2.851999999999999869e+00,-7.193975850836824629e-03
2.854000000000000092e+00,-7.139398386180378399e-03
2.855999999999999872e+00,-7.080798428730326541e-03
2.858000000000000096e+00,-7.018190399136177773e-03
2.859999999999999876e+00,-6.951556886770711777e-03
2.862000000000000099e+00,-6.880879172827966683e-03
2.863999999999999879e+00,-6.806517096606751020e-03
2.866000000000000103e+00,-6.729137597938440567e-03
2.867999999999999883e+00,-6.649797764252013063e-03
2.870000000000000107e+00,-6.569576471486489322e-03
2.871999999999999886e+00,-6.489568153941013828e-03
2.874000000000000110e+00,-6.411043948000631938e-03
2.875999999999999890e+00,-6.335779669761118678e-03
2.878000000000000114e+00,-6.265403052256936743e-03
2.879999999999999893e+00,-6.201179995242868392e-03
2.882000000000000117e+00,-6.144098227249878384e-03
2.883999999999999897e+00,-6.094781239569463729e-03
2.886000000000000121e+00,-6.053297245070008575e-03
2.887999999999999901e+00,-6.019410729213253361e-03
2.890000000000000124e+00,-5.992767533897849948e-03
2.891999999999999904e+00,-5.973208254276287342e-03
2.894000000000000128e+00,-5.960446689373599324e-03
2.895999999999999908e+00,-5.953876761488723079e-03
2.898000000000000131e+00,-5.952443298579569025e-03
2.899999999999999911e+00,-5.954940700085603784e-03
2.902000000000000135e+00,-5.960646724528223875e-03
2.903999999999999915e+00,-5.968987380394736794e-03
2.906000000000000139e+00,-5.979420478511291402e-03
2.907999999999999918e+00,-5.991473825835171713e-03
2.910000000000000142e+00,-6.004692579423034568e-03
2.911999999999999922e+00,-6.018495432495442679e-03
2.914000000000000146e+00,-6.032004048600436708e-03
2.915999999999999925e+00,-6.044599383931058278e-03
2.918000000000000149e+00,-6.056127813381056643e-03
2.919999999999999929e+00,-6.066848445315112595e-03
2.922000000000000153e+00,-6.077030761894341646e-03
2.923999999999999932e+00,-6.086472646290143687e-03
2.926000000000000156e+00,-6.094915988085657793e-03
2.927999999999999936e+00,-6.101994633675020784e-03
2.930000000000000160e+00,-6.107428098845165375e-03
2.931999999999999940e+00,-6.111214974645774040e-03
2.934000000000000163e+00,-6.113308517628888994e-03
2.935999999999999943e+00,-6.113161393948689411e-03
2.938000000000000167e+00,-6.110050519780405032e-03
2.939999999999999947e+00,-6.103543260207575441e-03
2.942000000000000171e+00,-6.093135673580689013e-03
2.943999999999999950e+00,-6.078162566870323920e-03
2.946000000000000174e+00,-6.057668129384571193e-03
2.947999999999999954e+00,-6.030770512084709239e-03
2.950000000000000178e+00,-5.996728299054081626e-03
2.951999999999999957e+00,-5.954683353174639385e-03
2.954000000000000181e+00,-5.903845045731589102e-03
2.955999999999999961e+00,-5.843312135765021433e-03
2.958000000000000185e+00,-5.772323226465478525e-03
2.959999999999999964e+00,-5.690157981691161028e-03
2.962000000000000188e+00,-5.595870042074149037e-03
2.963999999999999968e+00,-5.488708546388184825e-03
2.966000000000000192e+00,-5.368306804048999896e-03
2.967999999999999972e+00,-5.234315660663427412e-03
2.970000000000000195e+00,-5.086153729263727906e-03
2.971999999999999975e+00,-4.922952303366106945e-03
2.974000000000000199e+00,-4.743044633281313753e-03
2.975999999999999979e+00,-4.544371359341620002e-03
2.978000000000000203e+00,-4.324793977169620780e-03
2.979999999999999982e+00,-4.081602385394197605e-03
2.982000000000000206e+00,-3.811924263879082602e-03
2.983999999999999986e+00,-3.513017799747074343e-03
2.986000000000000210e+00,-3.182046567201175791e-03
2.987999999999999989e+00,-2.816050801355257822e-03
2.990000000000000213e+00,-2.412414312989115839e-03
2.991999999999999993e+00,-1.968529814053874335e-03
2.994000000000000217e+00,-1.482453037680762703e-03
2.995999999999999996e+00,-9.525905834474835895e-04
2.998000000000000220e+00,-3.778431115070251243e-04
3.000000000000000000e+00,2.424168214255847150e-04
3.001999999999999780e+00,9.082987362309953138e-04
3.004000000000000004e+00,1.619435394202688302e-03
3.005999999999999783e+00,2.375020756833906566e-03
3.008000000000000007e+00,3.173274357241777192e-03
3.009999999999999787e+00,4.011316257480301850e-03
3.012000000000000011e+00,4.885503864790985591e-03
3.013999999999999790e+00,5.791235210757038170e-03
3.016000000000000014e+00,6.722723963196598762e-03
3.017999999999999794e+00,7.672953382630361141e-03
3.020000000000000018e+00,8.633189878389888050e-03
