t/s,1AO6-P1,2A73-P2,3GHG-P3,3K2S-P4,1HZH-P5,total,total_coverage
0.0 0.0 0.0 0.0 0.0 0.0 0.0 0.0
0.1 0.3 0.2 0.5 0.7 0.2 1.9 0.13729414106505258
0.2 0.1 0.3 0.4 1.3 0.9 3.0 0.175329384210219
0.30000000000000004 0.1 0.2 0.6 0.8 1.0 2.7 0.17554199237530044
0.4 0.0 0.4 0.4 1.0 1.1 2.9 0.16380816527530725
0.5 0.1 0.6 0.3 1.3 1.1 3.4 0.1744242216939489
0.6000000000000001 0.1 0.9 0.3 1.8 0.9 4.0 0.20618704571915036
0.7000000000000001 0.0 0.7 0.2 1.6 1.1 3.6 0.1798959033326173
0.8 0.1 0.9 0.4 1.5 0.6 3.5 0.20220110105841851
0.9 0.2 0.8 0.1 1.5 0.5 3.1 0.15137226429521308
1.0 0.0 0.8 0.2 1.4 0.5 2.9 0.15352756659257177
1.1 0.1 0.9 0.4 1.4 0.6 3.4 0.1970653514039237
1.2000000000000002 0.1 0.6 0.4 2.1 0.4 3.6 0.18383635009157726
1.3 0.2 0.6 0.4 2.1 0.7 4.0 0.20201253964283405
1.4000000000000001 0.2 0.7 0.3 2.0 1.1 4.3 0.2385016026246066
1.5 0.0 0.9 0.2 2.4 0.9 4.4 0.23226313823579275
1.6 0.1 0.9 0.2 2.4 1.1 4.7 0.24642403681591046
1.7000000000000002 0.1 1.0 0.2 2.0 1.3 4.6 0.23044593128337687
1.8 0.1 0.8 0.2 1.9 1.1 4.1 0.20660152872735824
1.9000000000000001 0.1 0.8 0.3 2.1 1.0 4.3 0.22339114319540632
2.0 0.1 0.8 0.3 2.2 1.2 4.6 0.2455490061742343
2.1 0.2 0.8 0.3 2.2 1.2 4.7 0.2502083755926107
2.2 0.1 1.0 0.2 2.2 1.2 4.7 0.2473705035181149
2.3000000000000003 0.0 1.0 0.3 2.4 1.1 4.8 0.251417762666706
2.4000000000000004 0.0 0.6 0.1 2.3 0.7 3.7 0.19913555570700697
2.5 0.1 0.6 0.1 2.8 0.9 4.5 0.2400387725558045
2.6 0.1 0.6 0.1 2.6 0.7 4.1 0.22142251247716774
2.7 0.1 0.8 0.3 2.4 0.8 4.4 0.25107883054918423
2.8000000000000003 0.0 1.2 0.4 2.3 0.7 4.6 0.2692795568202865
2.9000000000000004 0.1 1.3 0.3 2.4 0.6 4.7 0.26230364189890487
3.0 0.2 1.4 0.1 2.0 0.5 4.2 0.21913085621722478
3.1 0.1 1.6 0.1 1.7 0.6 4.1 0.21957045349120957
3.2 0.1 1.4 0.3 1.8 0.4 4.0 0.23948826948924234
3.3000000000000003 0.3 1.3 0.3 1.9 0.9 4.7 0.26597969902483376
3.4000000000000004 0.1 1.3 0.2 2.0 0.5 4.1 0.22579671165043308
3.5 0.1 1.6 0.2 2.2 0.6 4.7 0.2497337023067156
3.6 0.1 1.5 0.1 1.9 0.6 4.2 0.2137828951922723
3.7 0.0 1.1 0.3 2.0 0.5 3.9 0.22214470246922527
3.8000000000000003 0.1 1.1 0.1 2.0 0.5 3.8 0.19800315820942369
3.9000000000000004 0.0 1.1 0.1 2.2 0.7 4.1 0.21048825048679634
4.0 0.0 1.0 0.1 2.2 0.6 3.9 0.20463825678745548
4.1000000000000005 0.2 1.0 0.1 2.2 0.9 4.4 0.22631112850753662
4.2 0.0 1.1 0.1 2.2 0.7 4.1 0.21319965580439662
4.3 0.1 1.1 0.1 2.1 0.9 4.3 0.2212279457346301
4.4 0.1 1.0 0.1 2.0 1.0 4.2 0.21103669182305745
4.5 0.0 1.5 0.1 1.8 0.9 4.3 0.21979350718530033
4.6000000000000005 0.0 1.1 0.2 2.4 0.7 4.4 0.2241944314428888
4.7 0.1 1.1 0.2 2.3 0.9 4.6 0.23883582543973741
4.800000000000001 0.1 0.9 0.2 2.3 1.0 4.5 0.230089671786924
4.9 0.1 0.9 0.2 2.3 1.0 4.5 0.24008725790463953
5.0 0.2 0.8 0.3 2.0 0.7 4.0 0.218611430068178
5.1000000000000005 0.1 1.2 0.2 1.9 0.7 4.1 0.21193639691207888
5.2 0.1 1.1 0.4 2.2 0.7 4.5 0.23795308625251174
5.300000000000001 0.1 1.1 0.4 1.9 1.0 4.5 0.23833817492344617
5.4 0.0 1.1 0.5 2.1 0.8 4.5 0.2489214265470959
5.5 0.1 1.2 0.4 2.1 1.0 4.8 0.2479630213969574
5.6000000000000005 0.0 1.1 0.4 2.0 0.9 4.4 0.23656068587122436
5.7 0.1 1.4 0.3 2.1 0.9 4.8 0.24209373128539396
5.800000000000001 0.1 1.2 0.2 2.2 0.9 4.6 0.21771432687514852
5.9 0.1 0.9 0.2 1.8 1.1 4.1 0.19245123596040417
6.0 0.1 0.8 0.3 1.8 1.1 4.1 0.1919490043996152
6.1000000000000005 0.0 0.8 0.2 1.9 1.1 4.0 0.1839322979509181
6.2 0.0 0.6 0.2 2.1 1.3 4.2 0.19508420044944214
6.300000000000001 0.1 0.6 0.2 2.3 1.3 4.5 0.22199819899488102
6.4 0.2 0.7 0.3 2.0 1.5 4.7 0.24305482299097586
6.5 0.1 0.7 0.4 2.3 1.4 4.9 0.2549949153909411
6.6000000000000005 0.0 0.7 0.3 2.4 1.4 4.8 0.24754168976156823
6.7 0.0 0.9 0.3 2.3 1.5 5.0 0.25405193336188964
6.800000000000001 0.1 0.8 0.4 2.3 1.5 5.1 0.2543173145046155
6.9 0.1 0.7 0.3 2.3 1.6 5.0 0.25603013964211835
7.0 0.3 0.8 0.3 2.1 1.5 5.0 0.24881793280951098
7.1000000000000005 0.1 0.7 0.3 2.3 1.4 4.8 0.23942258325900015
7.2 0.0 0.8 0.3 2.3 1.4 4.8 0.23899476248754553
7.300000000000001 0.0 0.9 0.4 2.4 1.4 5.1 0.2577000914060906
7.4 0.1 1.0 0.3 2.3 1.6 5.3 0.25864485321095865
7.5 0.1 1.1 0.4 2.5 1.5 5.6 0.2812074804826118
7.6000000000000005 0.1 1.1 0.3 2.4 1.3 5.2 0.2583669315723398
7.7 0.1 0.9 0.3 2.2 1.6 5.1 0.24241621035662314
7.800000000000001 0.1 0.9 0.3 2.0 1.4 4.7 0.22958999072050487
7.9 0.2 0.9 0.3 2.5 1.3 5.2 0.25232405517652995
8.0 0.2 1.0 0.3 2.5 1.5 5.5 0.2762794903317718
8.1 0.3 1.1 0.3 2.3 1.4 5.4 0.2658666692673683
8.200000000000001 0.2 1.1 0.3 2.5 1.5 5.6 0.2734483481445933
8.3 0.1 0.9 0.3 2.5 1.8 5.6 0.2766957840921661
8.4 0.0 1.0 0.4 2.6 1.6 5.6 0.2842981316422188
8.5 0.0 0.9 0.4 2.4 1.7 5.4 0.26935573996985385
8.6 0.0 1.0 0.4 2.5 1.7 5.6 0.2777402248305208
8.700000000000001 0.0 0.9 0.4 2.5 1.6 5.4 0.26495655948660507
8.8 0.1 1.3 0.4 2.6 1.7 6.1 0.29430818363189515
8.9 0.0 1.1 0.4 2.6 1.9 6.0 0.2955162536361273
9.0 0.0 1.1 0.4 2.8 1.9 6.2 0.3030322629126091
9.1 0.1 1.1 0.4 2.7 1.9 6.2 0.30487476758601445
9.200000000000001 0.1 1.1 0.4 2.9 1.7 6.2 0.3003460309447364
9.3 0.2 1.1 0.5 3.0 1.7 6.5 0.31195021209797635
9.4 0.0 1.1 0.5 2.9 1.9 6.4 0.3057222041117556
9.5 0.0 1.1 0.5 2.8 2.2 6.6 0.3205194347576788
9.600000000000001 0.2 1.1 0.5 2.5 2.0 6.3 0.31710143288685616
9.700000000000001 0.0 1.0 0.5 2.5 2.1 6.1 0.31019947802872594
9.8 0.0 1.0 0.6 2.7 2.3 6.6 0.3424606778041144
9.9 0.0 1.1 0.6 2.6 1.9 6.2 0.32631028197834727
10.0 0.0 1.0 0.6 2.9 2.1 6.6 0.34808278229010337
10.100000000000001 0.0 1.2 0.6 2.4 1.7 5.9 0.3148036040827322
10.200000000000001 0.0 1.3 0.6 2.5 1.7 6.1 0.3250609605871995
10.3 0.0 1.1 0.7 2.4 1.7 5.9 0.3279263076717719
10.4 0.0 1.0 0.7 2.6 1.7 6.0 0.3297405987073319
10.5 0.0 0.7 0.7 2.7 1.7 5.8 0.3167886276261451
10.600000000000001 0.0 0.9 0.4 2.5 1.7 5.5 0.2740190131226496
10.700000000000001 0.0 1.0 0.4 2.3 1.8 5.5 0.2796574582046836
10.8 0.0 0.9 0.5 2.5 1.7 5.6 0.29895710628675853
10.9 0.0 0.8 0.6 2.7 1.8 5.9 0.3026930852992432
11.0 0.0 0.8 0.4 2.2 1.7 5.1 0.26067341706299035
11.100000000000001 0.0 0.8 0.6 2.2 1.8 5.4 0.2781202332520477
11.200000000000001 0.0 0.8 0.6 2.2 1.9 5.5 0.28828358904634915
11.3 0.1 1.1 0.5 2.1 1.5 5.3 0.2751436487991864
11.4 0.0 1.0 0.5 2.2 1.5 5.2 0.2683720022251723
11.5 0.0 0.9 0.6 2.5 1.4 5.4 0.2858804723026697
11.600000000000001 0.1 1.1 0.5 2.4 1.6 5.7 0.2912761680469659
11.700000000000001 0.0 1.1 0.5 2.5 1.6 5.7 0.2916921680289304
11.8 0.0 1.0 0.4 2.6 1.7 5.7 0.2890222781464167
11.9 0.0 1.0 0.4 2.7 1.7 5.8 0.29373917217227835
12.0 0.1 1.0 0.5 2.6 1.7 5.9 0.29899234172360745
12.100000000000001 0.3 1.0 0.5 2.4 1.5 5.7 0.28866441134852777
12.200000000000001 0.2 1.1 0.5 2.6 1.6 6.0 0.3025394629847883
12.3 0.1 1.2 0.5 2.4 1.5 5.7 0.2892307899642172
12.4 0.0 1.2 0.5 2.5 1.5 5.7 0.28584695899276763
12.5 0.2 1.1 0.5 2.5 1.6 5.9 0.29723832910298376
12.600000000000001 0.1 1.1 0.4 2.6 1.6 5.8 0.28463820049973904
12.700000000000001 0.0 1.3 0.4 2.6 1.7 6.0 0.29087425847270115
12.8 0.1 1.3 0.4 2.7 1.6 6.1 0.29732789959072686
12.9 0.1 1.2 0.4 2.7 1.7 6.1 0.2918817828879476
13.0 0.1 1.1 0.5 2.7 1.6 6.0 0.3008766792763763
13.100000000000001 0.0 1.1 0.5 2.4 1.7 5.7 0.286242788302356
13.200000000000001 0.1 1.2 0.5 2.5 1.6 5.9 0.29567563761328614
13.3 0.1 1.2 0.5 2.5 1.7 6.0 0.3025121152739948
13.4 0.1 1.0 0.5 2.6 1.5 5.7 0.2870323233602744
13.5 0.0 1.0 0.5 2.7 1.6 5.8 0.29455388056877474
13.600000000000001 0.1 1.0 0.4 2.8 1.7 6.0 0.2947382759316863
13.700000000000001 0.0 0.8 0.4 2.6 1.7 5.5 0.2725632925761902
13.8 0.2 0.8 0.4 2.7 2.0 6.1 0.296361234349241
13.9 0.2 0.8 0.4 2.5 1.7 5.6 0.27604777333496117
14.0 0.0 0.8 0.5 2.6 1.5 5.4 0.26601826185852856
14.100000000000001 0.0 0.8 0.4 2.6 1.7 5.5 0.26533041568098065
14.200000000000001 0.0 1.1 0.5 2.6 1.6 5.8 0.28384900808778457
14.3 0.0 0.9 0.4 2.6 1.6 5.5 0.27223559501360317
14.4 0.0 0.9 0.5 2.6 1.5 5.5 0.2808768603855511
14.5 0.0 1.0 0.5 2.7 1.4 5.6 0.2845166786171447
14.600000000000001 0.1 1.0 0.5 2.7 1.5 5.8 0.2919958207342167
14.700000000000001 0.2 1.0 0.5 2.6 1.5 5.8 0.29649342312513155
14.8 0.0 1.0 0.5 2.6 1.6 5.7 0.28970721960524737
14.9 0.0 1.0 0.5 2.4 1.8 5.7 0.29164843888463193
15.0 0.0 1.0 0.5 2.6 1.7 5.8 0.2990219400866523
15.100000000000001 0.1 1.0 0.4 2.4 1.9 5.8 0.28686163690612443
15.200000000000001 0.0 1.1 0.4 2.5 1.7 5.7 0.28100373568793746
15.3 0.0 1.1 0.4 2.5 1.9 5.9 0.2962363440898752
15.4 0.0 1.0 0.4 2.5 2.1 6.0 0.29133913450852394
15.5 0.0 1.1 0.4 2.3 2.1 5.9 0.28841609166220383
15.600000000000001 0.1 1.2 0.4 2.2 2.0 5.9 0.29023580748443273
15.700000000000001 0.1 1.2 0.4 2.4 1.7 5.8 0.2902247060041936
15.8 0.1 1.2 0.4 2.4 1.9 6.0 0.3001275763837306
15.9 0.0 1.4 0.4 2.6 1.9 6.3 0.31209631398580917
16.0 0.0 1.2 0.5 2.3 1.8 5.8 0.29162521594263674
16.1 0.1 1.1 0.5 2.2 2.0 5.9 0.28734389940753313
16.2 0.0 1.0 0.4 2.1 2.0 5.5 0.2723433747968913
16.3 0.2 1.0 0.4 2.5 1.9 6.0 0.29587811512708334
16.400000000000002 0.0 1.1 0.4 2.6 2.1 6.2 0.3002778558776609
16.5 0.0 0.9 0.4 2.3 2.1 5.7 0.28210666951988433
16.6 0.0 1.0 0.4 2.2 2.0 5.6 0.27161330914658616
16.7 0.1 0.9 0.4 2.6 1.8 5.8 0.28192330548782263
16.8 0.1 0.9 0.5 2.6 2.0 6.1 0.30841487831275227
16.900000000000002 0.0 1.0 0.5 2.5 2.0 6.0 0.3016928229891912
17.0 0.0 1.0 0.5 2.7 2.4 6.6 0.3303986589229662
17.1 0.1 0.9 0.5 2.5 1.9 5.9 0.3016749899998778
17.2 0.0 0.9 0.7 2.3 1.9 5.8 0.30590517539052253
17.3 0.0 1.0 0.6 2.4 1.7 5.7 0.29822459940192475
17.400000000000002 0.0 1.1 0.4 2.4 2.2 6.1 0.30874799349916404
17.5 0.0 1.1 0.4 2.5 2.0 6.0 0.29560254462096325
17.6 0.0 1.0 0.4 2.2 1.8 5.4 0.275957040260128
17.7 0.0 1.2 0.4 2.7 1.8 6.1 0.3063378584171555
17.8 0.0 1.3 0.4 2.8 1.8 6.3 0.31491979021453187
17.900000000000002 0.0 1.2 0.5 2.7 1.8 6.2 0.31871020404551026
18.0 0.0 1.0 0.4 2.7 1.8 5.9 0.29798245793874584
18.1 0.0 1.1 0.4 2.9 1.7 6.1 0.3118110498336394
18.2 0.0 1.1 0.4 2.8 1.8 6.1 0.314753235486883
18.3 0.0 1.2 0.4 2.4 1.7 5.7 0.2919808990446821
18.400000000000002 0.1 1.4 0.4 2.1 1.8 5.8 0.2858642794893663
18.5 0.1 1.6 0.4 2.4 1.7 6.2 0.29979340061123894
18.6 0.1 1.6 0.5 2.4 1.7 6.3 0.31097232585187384
18.7 0.1 1.4 0.5 2.4 1.8 6.2 0.3075719240534641
18.8 0.0 1.5 0.5 2.3 2.1 6.4 0.3176490963563264
18.900000000000002 0.0 1.5 0.5 2.1 2.1 6.2 0.2976406918845183
19.0 0.0 1.3 0.4 2.1 2.0 5.8 0.2837407688690615
19.1 0.1 1.4 0.4 2.2 2.0 6.1 0.2982159810596105
19.200000000000003 0.0 1.3 0.5 2.5 1.9 6.2 0.30611227590184675
19.3 0.0 1.4 0.4 2.2 1.9 5.9 0.29001177732565264
19.400000000000002 0.0 1.3 0.4 2.2 2.0 5.9 0.2917208235613895
19.5 0.2 1.4 0.3 2.3 2.0 6.2 0.2892959938477809
19.6 0.2 1.5 0.3 2.0 2.0 6.0 0.2817726917998491
19.700000000000003 0.1 1.5 0.3 2.2 2.2 6.3 0.30077406099711446
19.8 0.1 1.3 0.3 2.0 2.2 5.9 0.2776493825869441
19.900000000000002 0.1 1.2 0.5 2.0 1.9 5.7 0.2834074519004116
20.0 0.0 1.6 0.3 2.2 1.9 6.0 0.2750184687596517
20.1 0.0 1.4 0.3 2.0 1.9 5.6 0.26264629442210097
20.200000000000003 0.0 1.4 0.3 2.1 1.7 5.5 0.25997045377258593
20.3 0.0 1.3 0.3 2.2 1.7 5.5 0.25937276484313665
20.400000000000002 0.0 1.3 0.4 2.3 1.6 5.6 0.273293027801247
20.5 0.2 1.2 0.4 2.2 1.6 5.6 0.2734969691365837
20.6 0.0 1.3 0.3 2.3 1.8 5.7 0.27404509589492987
20.700000000000003 0.0 1.2 0.3 2.2 1.8 5.5 0.26202020640494295
20.8 0.0 1.3 0.3 2.4 1.8 5.8 0.28348303545972786
20.900000000000002 0.0 1.2 0.3 1.9 1.7 5.1 0.2468699479495357
21.0 0.0 1.3 0.3 2.0 1.8 5.4 0.2585842622981689
21.1 0.1 1.1 0.3 2.1 1.9 5.5 0.2626359888387147
21.200000000000003 0.1 1.1 0.3 2.1 1.9 5.5 0.26597912137139934
21.3 0.1 1.1 0.3 2.1 1.8 5.4 0.26081074793377895
21.400000000000002 0.1 1.4 0.4 2.2 2.1 6.2 0.2988496269676343
21.5 0.1 1.4 0.3 2.3 2.1 6.2 0.2883652437948937
21.6 0.1 1.5 0.3 2.1 2.0 6.0 0.2862163440303264
21.700000000000003 0.2 1.3 0.3 2.3 1.9 6.0 0.2861816586407707
21.8 0.1 1.4 0.4 2.2 2.1 6.2 0.292102962320865
21.900000000000002 0.2 1.3 0.4 2.2 2.0 6.1 0.2883907923225097
22.0 0.1 1.3 0.4 2.3 2.2 6.3 0.29425096531452427
22.1 0.0 1.5 0.4 2.2 2.2 6.3 0.2953930248252145
22.200000000000003 0.0 1.5 0.4 2.2 2.2 6.3 0.29526472716909125
22.3 0.0 1.3 0.3 2.3 2.3 6.2 0.28784882085193253
22.400000000000002 0.0 1.3 0.3 2.3 2.1 6.0 0.2864682234492858
22.5 0.0 1.3 0.4 2.1 2.1 5.9 0.2837880984684911
22.6 0.0 1.3 0.4 2.0 2.0 5.7 0.28028370615636056
22.700000000000003 0.1 1.2 0.4 2.1 2.1 5.9 0.2809525572887521
22.8 0.1 1.2 0.4 2.1 2.0 5.8 0.2730596005450702
22.900000000000002 0.0 1.0 0.5 2.3 2.0 5.8 0.28255595410711976
23.0 0.0 1.1 0.3 2.2 2.1 5.7 0.26706132439721514
23.1 0.0 1.2 0.3 1.9 2.1 5.5 0.2539557916551515
23.200000000000003 0.0 1.2 0.3 1.9 2.0 5.4 0.25326706186366466
23.3 0.0 1.3 0.3 2.1 2.0 5.7 0.2750289576385741
23.400000000000002 0.0 1.2 0.4 1.8 2.1 5.5 0.25892430938276273
23.5 0.0 1.2 0.6 1.9 2.2 5.9 0.2933612603588177
23.6 0.1 1.3 0.6 1.9 2.1 6.0 0.28570964252593123
23.700000000000003 0.0 1.2 0.5 1.7 2.5 5.9 0.28003270314202877
23.8 0.0 1.6 0.5 1.6 2.5 6.2 0.287473649147432
23.900000000000002 0.0 1.3 0.5 1.6 2.4 5.8 0.27394151773726694
24.0 0.0 1.2 0.5 1.6 2.4 5.7 0.2743435301412712
24.1 0.1 1.3 0.5 1.7 2.3 5.9 0.28443129849979487
24.200000000000003 0.1 1.2 0.5 1.5 2.3 5.6 0.27062857938247226
24.3 0.0 1.2 0.5 1.7 2.3 5.7 0.27209125371329174
24.400000000000002 0.0 1.2 0.5 1.6 2.4 5.7 0.27256186557137896
24.5 0.0 1.1 0.5 2.1 2.3 6.0 0.2865381814243143
24.6 0.0 1.1 0.5 1.9 2.3 5.8 0.27712738110906265
24.700000000000003 0.0 1.2 0.5 1.8 2.2 5.7 0.2719334043350542
24.8 0.1 1.1 0.5 2.4 2.2 6.3 0.29789016437988053
24.900000000000002 0.1 1.3 0.5 2.2 2.2 6.3 0.2981547995816964
25.0 0.2 1.2 0.4 2.3 2.3 6.4 0.29755193332264496
25.1 0.0 1.1 0.6 2.3 2.3 6.3 0.29876524661290144
25.200000000000003 0.0 1.1 0.4 2.2 2.5 6.2 0.28725765794352914
25.3 0.2 1.0 0.4 1.9 2.1 5.6 0.26311727870332896
25.400000000000002 0.0 1.0 0.4 2.0 2.1 5.5 0.26276744761118226
25.5 0.0 1.0 0.5 1.8 2.2 5.5 0.26383698366689173
25.6 0.0 1.0 0.6 1.9 2.4 5.9 0.28311567896543044
25.700000000000003 0.1 1.1 0.5 2.0 2.5 6.2 0.2844188995230115
25.8 0.0 1.1 0.5 2.0 2.3 5.9 0.2788440606933663
25.900000000000002 0.0 1.0 0.6 2.2 2.4 6.2 0.2944408650535319
26.0 0.0 0.7 0.5 2.1 2.5 5.8 0.27738104387794404
26.1 0.0 0.7 0.5 2.1 2.3 5.6 0.272451734468591
26.200000000000003 0.0 0.7 0.6 2.3 2.3 5.9 0.2928966097109217
26.3 0.1 0.8 0.5 2.2 2.4 6.0 0.2906416753413849
26.400000000000002 0.1 0.8 0.5 2.2 2.5 6.1 0.29367733461580253
26.5 0.0 0.8 0.5 2.0 2.5 5.8 0.27647540419259936
26.6 0.0 0.7 0.6 2.2 2.5 6.0 0.295556947084025
26.700000000000003 0.0 0.7 0.7 2.2 2.3 5.9 0.29200918694232836
26.8 0.1 0.8 0.6 2.3 2.2 6.0 0.29085817972094014
26.900000000000002 0.1 0.7 0.5 2.2 2.0 5.5 0.2655094456829753
27.0 0.0 0.8 0.6 2.1 2.2 5.7 0.2859568624786328
27.1 0.0 0.7 0.5 1.8 2.1 5.1 0.24683187606358442
27.200000000000003 0.2 0.7 0.6 1.8 1.9 5.2 0.25744308152497264
27.3 0.1 0.9 0.6 2.1 2.1 5.8 0.2862993391730611
27.400000000000002 0.0 0.8 0.5 2.4 1.9 5.6 0.2732243525142048
27.5 0.0 0.9 0.5 2.3 1.9 5.6 0.26867250682311455
27.6 0.1 0.9 0.6 2.1 1.8 5.5 0.28261906839948475
27.700000000000003 0.1 0.9 0.5 1.9 1.9 5.3 0.27166436689817475
27.8 0.2 0.9 0.4 2.0 2.2 5.7 0.2757102750752012
27.900000000000002 0.0 0.9 0.5 2.1 1.9 5.4 0.28167172682694985
28.0 0.0 1.0 0.5 2.0 2.1 5.6 0.2843407909152254
28.1 0.0 1.2 0.5 1.6 2.0 5.3 0.27495805827403397
28.200000000000003 0.1 1.3 0.4 1.7 1.9 5.4 0.26717690474707323
28.3 0.1 1.1 0.4 1.7 2.0 5.3 0.26206740323930944
28.400000000000002 0.1 1.1 0.4 1.8 2.2 5.6 0.26976565261987073
28.5 0.1 1.0 0.4 2.0 1.9 5.4 0.26601353962458674
28.6 0.1 1.1 0.4 2.0 1.8 5.4 0.2599228773471996
28.700000000000003 0.1 1.0 0.5 2.0 2.0 5.6 0.2796584810186529
28.8 0.0 0.9 0.4 2.0 1.8 5.1 0.2527851988704294
28.900000000000002 0.0 1.1 0.4 2.2 2.0 5.7 0.277335407234664
29.0 0.2 0.9 0.4 1.9 1.8 5.2 0.25379898631893455
29.1 0.1 1.0 0.4 2.0 1.8 5.3 0.25737004461267354
29.200000000000003 0.1 1.0 0.4 2.1 1.7 5.3 0.25764482619326395
29.3 0.1 1.0 0.4 2.1 2.0 5.6 0.27188609478803516
29.400000000000002 0.3 1.2 0.4 1.9 2.0 5.8 0.28502913654805434
29.5 0.1 1.3 0.4 1.8 2.2 5.8 0.2894657753321054
29.6 0.0 1.7 0.4 1.7 2.0 5.8 0.28939340722326024
29.700000000000003 0.0 1.7 0.4 1.7 2.1 5.9 0.2919826252432525
29.8 0.0 1.5 0.4 2.0 2.2 6.1 0.2996710944739577
29.900000000000002 0.1 1.4 0.4 1.7 2.2 5.8 0.28635322725003365
30.0 0.2 1.4 0.4 2.0 2.2 6.2 0.3078795093941241
30.1 0.0 1.4 0.4 1.7 2.1 5.6 0.28054196616724203
30.200000000000003 0.0 1.3 0.4 2.1 2.2 6.0 0.30136828662913834
30.3 0.1 1.3 0.4 2.2 1.9 5.9 0.291864798655003
30.400000000000002 0.0 1.2 0.4 2.0 1.8 5.4 0.2719337831156736
30.5 0.0 1.2 0.4 2.2 2.2 6.0 0.29689818814004176
30.6 0.0 1.4 0.5 2.2 2.3 6.4 0.32687599816651586
30.700000000000003 0.1 1.4 0.5 2.3 2.0 6.3 0.31470440402470296
30.8 0.0 1.5 0.5 2.1 2.2 6.3 0.31434325892853654
30.900000000000002 0.0 1.5 0.5 2.2 2.2 6.4 0.3111642551721733
31.0 0.0 1.6 0.5 1.9 2.3 6.3 0.306181712474892
31.1 0.0 1.5 0.6 1.9 2.2 6.2 0.3098574206731111
31.200000000000003 0.0 1.5 0.5 1.9 2.1 6.0 0.2916698823286791
31.3 0.0 1.4 0.5 1.8 2.1 5.8 0.2814494695789119
31.400000000000002 0.0 1.5 0.5 1.9 2.0 5.9 0.2893843421754219
31.5 0.0 1.5 0.5 1.8 1.9 5.7 0.278192643531459
31.6 0.0 1.3 0.6 1.9 2.0 5.8 0.29144534829889407
31.700000000000003 0.0 1.4 0.5 2.0 1.7 5.6 0.28747460426784366
31.8 0.1 1.4 0.5 1.9 1.7 5.6 0.28513423048764996
31.900000000000002 0.1 1.5 0.4 2.1 1.8 5.9 0.29381960109783967
32.0 0.0 1.4 0.4 2.1 1.7 5.6 0.28439625401145896
32.1 0.0 1.4 0.5 2.0 1.8 5.7 0.2975220604958272
32.2 0.0 1.4 0.4 1.9 1.7 5.4 0.27666796122876663
32.300000000000004 0.0 1.4 0.5 2.2 1.8 5.9 0.3039921253531931
32.4 0.0 1.4 0.5 2.0 1.8 5.7 0.2973330355689526
32.5 0.1 1.4 0.4 1.9 1.7 5.5 0.2829048881792901
32.6 0.1 1.5 0.4 2.2 1.7 5.9 0.3024892513063554
32.7 0.1 1.5 0.4 2.3 1.7 6.0 0.30664940215923353
32.800000000000004 0.0 1.4 0.4 2.2 1.9 5.9 0.3033847987514616
32.9 0.1 1.4 0.4 2.3 1.9 6.1 0.31434945130183306
33.0 0.1 1.5 0.4 2.3 1.9 6.2 0.3160074229182673
33.1 0.0 1.5 0.4 2.3 1.9 6.1 0.3103876694251544
33.2 0.0 1.5 0.4 2.5 1.8 6.2 0.31726192471780823
33.300000000000004 0.0 1.5 0.5 2.6 1.6 6.2 0.3161294707436091
33.4 0.0 1.6 0.5 2.5 1.7 6.3 0.3290695865507475
33.5 0.0 1.7 0.4 2.5 1.8 6.4 0.3281397799418699
33.6 0.0 1.6 0.4 2.6 1.6 6.2 0.320118717562715
33.7 0.1 1.5 0.4 2.6 1.9 6.5 0.332503165531154
33.800000000000004 0.0 1.4 0.4 2.7 1.8 6.3 0.3240123727017536
33.9 0.1 1.4 0.4 2.5 1.6 6.0 0.30869314798304287
34.0 0.2 1.3 0.4 2.4 1.6 5.9 0.3009432337003268
34.1 0.1 1.3 0.4 2.7 1.5 6.0 0.29926495345327214
34.2 0.1 1.3 0.4 2.4 1.4 5.6 0.2898160468566815
34.300000000000004 0.1 1.4 0.5 2.5 1.3 5.8 0.30753051660790887
34.4 0.1 1.3 0.5 2.5 1.6 6.0 0.32188657400498955
34.5 0.0 1.3 0.5 2.4 1.6 5.8 0.3072507209600416
34.6 0.1 1.4 0.6 2.3 1.5 5.9 0.3191101698196232
34.7 0.1 1.3 0.5 2.3 1.6 5.8 0.3063806933529786
34.800000000000004 0.2 1.1 0.5 2.4 1.5 5.7 0.3080965874723266
34.9 0.0 1.3 0.5 2.4 1.8 6.0 0.32006826798179666
35.0 0.0 1.2 0.5 2.5 1.8 6.0 0.31917782120371296
35.1 0.0 1.1 0.5 2.2 1.8 5.6 0.3007796307859789
35.2 0.1 1.1 0.5 2.3 2.0 6.0 0.3121853290564822
35.300000000000004 0.0 1.1 0.4 2.3 1.8 5.6 0.2878296697996516
35.4 0.0 1.4 0.5 2.4 1.8 6.1 0.3175056395045909
35.5 0.0 1.2 0.5 2.4 1.8 5.9 0.31000234595303816
35.6 0.0 1.3 0.4 2.4 1.8 5.9 0.29819559304116927
35.7 0.0 1.2 0.4 2.4 1.8 5.8 0.2950153502353387
35.800000000000004 0.0 1.3 0.4 2.5 1.9 6.1 0.31226333501714654
35.9 0.0 1.4 0.4 2.5 1.8 6.1 0.3105165429994264
36.0 0.0 1.3 0.4 2.6 1.8 6.1 0.3110038979027241
36.1 0.0 1.4 0.4 2.5 1.7 6.0 0.3108925018991505
36.2 0.0 1.5 0.4 2.6 1.6 6.1 0.3150500363493892
36.300000000000004 0.0 1.4 0.4 2.5 1.6 5.9 0.30680822242040123
36.4 0.0 1.4 0.4 2.5 1.7 6.0 0.3083819347131137
36.5 0.0 1.3 0.4 2.4 1.7 5.8 0.29650159395287234
36.6 0.0 1.3 0.4 2.7 1.9 6.3 0.31909164418123503
36.7 0.0 1.1 0.4 2.4 1.6 5.5 0.28633973271247615
36.800000000000004 0.0 1.1 0.4 2.3 1.6 5.4 0.2774432148422017
36.9 0.0 1.1 0.5 2.6 1.5 5.7 0.2927162897574225
37.0 0.0 1.2 0.4 2.2 1.9 5.7 0.28507626923957896
37.1 0.0 1.1 0.4 2.3 1.7 5.5 0.280419635834467
37.2 0.0 1.1 0.4 2.4 1.6 5.5 0.27814643601010214
37.300000000000004 0.0 1.2 0.4 2.4 1.5 5.5 0.2760209271652724
37.4 0.0 1.1 0.3 2.4 1.6 5.4 0.26531876295162665
37.5 0.0 1.1 0.3 2.4 1.6 5.4 0.2637218045864363
37.6 0.0 1.2 0.3 2.4 1.7 5.6 0.27308801786021747
37.7 0.1 1.1 0.3 2.5 1.9 5.9 0.2882778949340462
37.800000000000004 0.1 1.2 0.3 2.2 2.4 6.2 0.29601253562068186
37.9 0.0 1.2 0.4 2.1 2.2 5.9 0.2918658552922956
38.0 0.1 1.0 0.4 2.2 2.1 5.8 0.2873052978705817
38.1 0.1 1.1 0.5 2.4 2.1 6.2 0.3086083873825062
38.2 0.0 1.2 0.5 2.4 2.2 6.3 0.3121379459473773
38.300000000000004 0.0 1.2 0.4 2.2 2.0 5.8 0.28330259910158856
38.400000000000006 0.0 1.2 0.4 2.3 2.1 6.0 0.28857542794356
38.5 0.0 1.2 0.3 2.2 2.0 5.7 0.2684183700649586
38.6 0.1 1.2 0.3 2.3 2.2 6.1 0.28076083989028605
38.7 0.0 1.4 0.3 2.0 2.1 5.8 0.27344539752606334
38.800000000000004 0.1 1.4 0.3 2.4 2.2 6.4 0.29617730382311164
38.900000000000006 0.1 1.3 0.3 2.4 2.3 6.4 0.29418050304865107
39.0 0.2 1.3 0.3 2.1 2.3 6.2 0.2850606517213803
39.1 0.3 1.3 0.4 2.1 2.3 6.4 0.30385139306894227
39.2 0.2 1.3 0.3 1.9 2.1 5.8 0.27063825965197263
39.300000000000004 0.3 1.3 0.3 1.9 2.0 5.8 0.26940809980063773
39.400000000000006 0.2 1.2 0.3 2.0 2.0 5.7 0.2633163394968532
39.5 0.0 1.0 0.3 1.9 2.0 5.2 0.23570826254184088
39.6 0.0 1.1 0.3 2.2 2.1 5.7 0.2488643684516337
39.7 0.1 1.1 0.3 2.1 2.3 5.9 0.2641637890340901
39.800000000000004 0.0 1.1 0.3 2.0 2.4 5.8 0.2595505848436469
39.900000000000006 0.0 1.1 0.4 2.1 2.5 6.1 0.2744002359350242
40.0 0.1 1.1 0.4 2.0 2.4 6.0 0.2842704520419992
40.1 0.1 1.1 0.4 2.3 2.4 6.3 0.29860687306718325
40.2 0.0 1.1 0.3 2.0 2.3 5.7 0.2644221009028347
40.300000000000004 0.0 1.4 0.3 2.1 2.2 6.0 0.2692569428288906
40.400000000000006 0.0 1.4 0.3 1.9 2.0 5.6 0.2534054557742649
40.5 0.1 1.2 0.3 2.1 2.0 5.7 0.2501974755948075
40.6 0.0 1.2 0.3 2.1 2.0 5.6 0.2491133272888825
40.7 0.1 1.3 0.3 1.8 2.1 5.6 0.24715318340636566
40.800000000000004 0.0 1.3 0.3 1.9 2.1 5.6 0.24927047494543914
40.900000000000006 0.0 1.2 0.4 2.0 2.1 5.7 0.2573346265589227
41.0 0.0 1.2 0.4 2.1 2.3 6.0 0.26528188500206934
41.1 0.2 1.3 0.3 2.0 2.0 5.8 0.25663285286084786
41.2 0.0 1.3 0.3 1.8 2.1 5.5 0.24333812957057713
41.300000000000004 0.0 1.3 0.3 2.0 2.2 5.8 0.2583338829380307
41.400000000000006 0.0 1.4 0.3 1.9 2.3 5.9 0.2638612560547717
41.5 0.1 1.5 0.3 2.0 2.2 6.1 0.2724100996189714
41.6 0.0 1.4 0.3 1.9 2.4 6.0 0.26858121145620983
41.7 0.0 1.5 0.3 1.9 2.4 6.1 0.2723012139383092
41.800000000000004 0.0 1.7 0.3 2.1 2.2 6.3 0.2764130910022714
41.900000000000006 0.1 1.9 0.3 2.2 2.2 6.7 0.2966784362287811
42.0 0.1 1.6 0.3 2.1 2.3 6.4 0.27754764347048544
42.1 0.0 1.5 0.3 2.2 2.1 6.1 0.26905745578512985
42.2 0.1 1.5 0.4 2.5 2.1 6.6 0.29241286233709446
42.300000000000004 0.0 1.5 0.4 2.4 2.1 6.4 0.28818710768776457
42.400000000000006 0.2 1.4 0.3 2.3 2.1 6.3 0.273088321009965
42.5 0.0 1.5 0.5 2.1 2.1 6.2 0.28259212310338194
42.6 0.0 1.4 0.5 2.4 2.2 6.5 0.29748903459368714
42.7 0.0 1.4 0.4 2.3 2.2 6.3 0.282970006669516
42.800000000000004 0.1 1.4 0.4 2.4 2.2 6.5 0.28718968165260633
42.900000000000006 0.0 1.2 0.4 2.5 2.1 6.2 0.27773023124477964
43.0 0.0 1.4 0.5 2.7 1.9 6.5 0.30385348870320306
43.1 0.0 1.5 0.4 3.0 1.9 6.8 0.30638370473302246
43.2 0.1 1.3 0.3 2.8 2.0 6.5 0.28740198830247776
43.300000000000004 0.0 1.1 0.3 2.9 2.0 6.3 0.28359902792775554
43.400000000000006 0.0 1.1 0.3 2.8 1.9 6.1 0.27998984249562525
43.5 0.0 1.2 0.3 2.7 2.2 6.4 0.29995197168802173
43.6 0.1 1.2 0.3 2.8 2.2 6.6 0.3090847566851005
43.7 0.1 1.3 0.3 2.9 2.2 6.8 0.3087347786758358
43.800000000000004 0.2 1.2 0.3 2.7 2.0 6.4 0.29137974121040694
43.900000000000006 0.1 1.1 0.4 2.8 1.9 6.3 0.29087911203853145
44.0 0.1 1.0 0.4 2.5 1.8 5.8 0.2688829963199059
44.1 0.1 1.2 0.4 2.6 1.9 6.2 0.2852254519211895
44.2 0.0 1.2 0.3 2.7 1.9 6.1 0.27790828426465
44.300000000000004 0.0 1.2 0.3 2.8 1.9 6.2 0.28476630676676656
44.400000000000006 0.1 1.1 0.3 2.8 2.2 6.5 0.29437088656669086
44.5 0.0 1.1 0.5 2.7 1.9 6.2 0.2902220207704583
44.6 0.1 1.1 0.4 2.9 1.8 6.3 0.286371668282947
44.7 0.1 1.2 0.4 2.9 1.7 6.3 0.28786002985340825
44.800000000000004 0.1 1.2 0.4 2.7 1.8 6.2 0.27870680956946037
44.900000000000006 0.0 1.2 0.4 2.7 1.7 6.0 0.2662753407943793
45.0 0.0 1.2 0.4 2.6 1.8 6.0 0.2759003328552704
45.1 0.1 1.2 0.5 2.5 1.9 6.2 0.28400031663719477
45.2 0.0 1.2 0.4 2.6 2.3 6.5 0.29287700645329534
45.300000000000004 0.1 1.3 0.3 2.5 2.1 6.3 0.2787389957758846
45.400000000000006 0.0 1.3 0.3 2.6 2.0 6.2 0.2802064215603338
45.5 0.0 1.4 0.3 2.5 2.0 6.2 0.2847625926973456
45.6 0.1 1.4 0.3 2.5 2.0 6.3 0.28576536219775545
45.7 0.0 1.6 0.3 2.6 1.8 6.3 0.2798784433143796
45.800000000000004 0.1 1.5 0.3 2.4 1.7 6.0 0.26655484231531196
45.900000000000006 0.1 1.3 0.3 2.7 1.7 6.1 0.2723602025366928
46.0 0.0 1.5 0.3 2.5 2.0 6.3 0.27706940603456676
46.1 0.1 1.6 0.3 2.5 1.7 6.2 0.2775271235214279
46.2 0.0 1.4 0.3 2.2 1.8 5.7 0.2530699674970875
46.300000000000004 0.0 1.4 0.3 2.2 1.9 5.8 0.251189942743706
46.400000000000006 0.0 1.5 0.3 2.0 1.7 5.5 0.239675084336558
46.5 0.0 1.3 0.3 2.0 2.0 5.6 0.24452798338742632
46.6 0.0 1.2 0.3 2.2 1.8 5.5 0.24554956814935194
46.7 0.0 1.2 0.3 2.4 1.8 5.7 0.254355052545313
46.800000000000004 0.0 1.2 0.3 2.2 2.0 5.7 0.25778968137856006
46.900000000000006 0.0 1.3 0.3 2.3 2.0 5.9 0.2628220321271283
47.0 0.0 1.3 0.3 2.3 2.2 6.1 0.270320767730696
47.1 0.0 1.2 0.3 2.2 2.2 5.9 0.2702604172631883
47.2 0.0 1.0 0.3 2.1 2.2 5.6 0.2525900778854316
47.300000000000004 0.0 1.1 0.5 2.1 2.2 5.9 0.2825030375963152
47.400000000000006 0.0 1.3 0.3 2.1 2.1 5.8 0.2567489594888852
47.5 0.2 1.3 0.3 2.2 2.3 6.3 0.27392801364147457
47.6 0.2 1.2 0.3 2.2 2.6 6.5 0.2865434541527686
47.7 0.2 1.1 0.3 2.0 2.6 6.2 0.2772366587656697
47.800000000000004 0.2 1.1 0.3 2.4 2.4 6.4 0.2865973600859134
47.900000000000006 0.0 1.4 0.3 2.3 2.5 6.5 0.29038969826654454
48.0 0.0 1.2 0.4 2.2 2.7 6.5 0.2909182089467342
48.1 0.2 1.1 0.4 2.2 2.7 6.6 0.29542820496127664
48.2 0.0 1.1 0.4 2.4 2.6 6.5 0.2878888344526721
48.300000000000004 0.0 1.1 0.4 2.5 2.5 6.5 0.30343327368527484
48.400000000000006 0.0 1.1 0.4 2.6 2.5 6.6 0.3141283665880135
48.5 0.0 1.1 0.4 2.6 2.3 6.4 0.3064112415020036
48.6 0.0 1.2 0.4 2.4 2.2 6.2 0.2954350805198659
48.7 0.0 1.2 0.4 2.5 2.2 6.3 0.2968265315649146
48.800000000000004 0.0 1.1 0.4 2.3 2.3 6.1 0.29107446011837024
48.900000000000006 0.1 1.0 0.5 2.7 2.3 6.6 0.32145485984525324
49.0 0.1 1.0 0.4 2.9 2.4 6.8 0.3081180625387093
49.1 0.2 0.9 0.4 2.9 2.4 6.8 0.31076562813547215
49.2 0.0 1.0 0.4 2.7 2.6 6.7 0.30439483702378745
49.300000000000004 0.1 1.0 0.4 2.8 2.1 6.4 0.2893903240504313
49.400000000000006 0.2 1.3 0.4 2.9 2.2 7.0 0.3128240582534799
49.5 0.1 1.1 0.3 2.8 2.2 6.5 0.28301367845102837
49.6 0.0 0.9 0.3 2.9 2.3 6.4 0.28801057923559187
49.7 0.2 0.9 0.3 2.8 2.3 6.5 0.28643924356235273
49.800000000000004 0.1 1.0 0.3 3.1 2.2 6.7 0.2934637447183052
49.900000000000006 0.1 1.0 0.3 2.9 2.2 6.5 0.28635036986067713
50.0 0.1 1.0 0.3 3.0 2.2 6.6 0.29606217316214395
50.1 0.1 1.0 0.3 3.0 2.3 6.7 0.2934445795656905
50.2 0.1 0.9 0.3 2.9 2.2 6.4 0.2816088347579067
50.300000000000004 0.0 0.9 0.3 2.8 2.3 6.3 0.2825064809913145
50.400000000000006 0.0 0.9 0.3 2.7 2.3 6.2 0.27721655503336845
50.5 0.0 1.1 0.3 2.9 2.3 6.6 0.29919136162214993
50.6 0.0 1.0 0.3 2.7 2.3 6.3 0.2823281767234828
50.7 0.0 0.8 0.3 2.8 2.2 6.1 0.2750348254871871
50.800000000000004 0.0 0.9 0.3 2.5 2.2 5.9 0.2570818097987409
50.900000000000006 0.0 1.2 0.3 2.5 2.1 6.1 0.2737720190964842
51.0 0.0 1.0 0.3 2.6 2.2 6.1 0.2761027103404706
51.1 0.0 0.9 0.3 2.5 2.3 6.0 0.27077845297750686
51.2 0.0 1.2 0.3 2.4 2.1 6.0 0.27293693484597586
51.300000000000004 0.0 1.1 0.3 2.3 2.7 6.4 0.28419022833797325
51.400000000000006 0.0 0.8 0.3 2.5 2.5 6.1 0.2632214833085262
51.5 0.1 0.8 0.4 2.5 2.2 6.0 0.2765377810504943
51.6 0.0 1.0 0.4 2.4 2.4 6.2 0.27597632007515827
51.7 0.1 1.0 0.4 2.1 2.4 6.0 0.26843523135533015
51.800000000000004 0.0 1.1 0.5 2.5 2.3 6.4 0.2956374030263263
51.900000000000006 0.0 1.1 0.4 2.5 2.3 6.3 0.28565492748233196
52.0 0.1 1.2 0.4 2.5 2.5 6.7 0.30195228100787197
52.1 0.2 1.2 0.4 2.5 2.4 6.7 0.3016547380575187
52.2 0.1 1.2 0.4 2.5 2.4 6.6 0.2987678454842848
52.300000000000004 0.1 0.9 0.3 2.7 2.3 6.3 0.27921631802277935
52.400000000000006 0.1 0.8 0.3 2.5 2.3 6.0 0.2688691113945057
52.5 0.0 0.9 0.3 2.7 2.5 6.4 0.29160997230219443
52.6 0.0 0.9 0.3 2.7 2.4 6.3 0.2849823983661024
52.7 0.0 0.7 0.4 2.7 2.4 6.2 0.28991891232966466
52.800000000000004 0.0 0.8 0.3 2.8 2.5 6.4 0.28958764463226355
52.900000000000006 0.0 1.0 0.3 2.7 2.4 6.4 0.2849644923129035
53.0 0.1 0.8 0.4 2.6 2.5 6.4 0.28874280074370084
53.1 0.0 0.8 0.4 2.6 2.5 6.3 0.2846437382024665
53.2 0.1 0.6 0.3 2.8 2.6 6.4 0.2834732229821467
53.300000000000004 0.0 0.7 0.3 2.7 2.6 6.3 0.28286981576389164
53.400000000000006 0.0 0.7 0.3 2.7 2.8 6.5 0.29060319955369757
53.5 0.0 0.7 0.3 2.7 2.8 6.5 0.2900210726509388
53.6 0.0 0.7 0.3 2.7 2.6 6.3 0.2804420546141443
53.7 0.0 0.9 0.3 2.5 2.4 6.1 0.27862210283786315
53.800000000000004 0.0 0.8 0.4 2.5 2.4 6.1 0.2804285192045236
53.900000000000006 0.0 1.1 0.3 2.4 2.3 6.1 0.27790092987317905
54.0 0.0 0.9 0.4 2.3 2.5 6.1 0.28820059354786365
54.1 0.0 0.8 0.4 2.3 2.4 5.9 0.2796153787832578
54.2 0.0 1.0 0.4 2.5 2.4 6.3 0.3009265307784522
54.300000000000004 0.0 0.8 0.3 2.4 2.7 6.2 0.279517705587746
54.400000000000006 0.0 0.9 0.3 2.6 2.4 6.2 0.2852607355389624
54.5 0.0 0.9 0.3 2.5 2.3 6.0 0.2728376260168338
54.6 0.0 0.9 0.3 2.7 2.4 6.3 0.2829460110453238
54.7 0.0 1.0 0.3 2.7 2.3 6.3 0.2772367671307881
54.800000000000004 0.0 0.9 0.3 2.7 2.4 6.3 0.27805517937425217
54.900000000000006 0.0 0.8 0.3 2.9 2.4 6.4 0.28543238193462417
55.0 0.0 0.7 0.3 2.7 2.3 6.0 0.26518981602643854
55.1 0.0 0.8 0.3 2.5 2.3 5.9 0.26519001528392505
55.2 0.0 0.9 0.3 2.5 2.3 6.0 0.26316426057798764
55.300000000000004 0.0 0.9 0.3 2.5 2.5 6.2 0.2769131909924819
55.400000000000006 0.0 0.9 0.4 2.6 2.6 6.5 0.30532529180355006
55.5 0.1 0.9 0.3 2.9 2.6 6.8 0.3056784538462406
55.6 0.1 0.9 0.3 2.5 2.8 6.6 0.298990496796447
55.7 0.0 0.9 0.3 2.6 2.6 6.4 0.29279061987626587
55.800000000000004 0.0 0.8 0.3 2.8 2.5 6.4 0.28778298231877464
55.900000000000006 0.0 0.9 0.3 3.0 2.7 6.9 0.3056975381029127
56.0 0.0 1.1 0.3 3.0 2.6 7.0 0.30336581432430165
56.1 0.0 1.0 0.3 3.0 2.6 6.9 0.30779539908513354
56.2 0.1 0.9 0.3 3.0 2.5 6.8 0.29960073448117197
56.300000000000004 0.1 0.9 0.4 2.9 2.6 6.9 0.3118972707169771
56.400000000000006 0.0 0.8 0.3 2.8 2.5 6.4 0.27918602517500873
56.5 0.0 1.0 0.3 3.0 2.5 6.8 0.2934462200231493
56.6 0.1 1.1 0.3 2.7 2.5 6.7 0.29679051805525064
56.7 0.0 0.9 0.3 3.0 2.4 6.6 0.2912590135078833
56.800000000000004 0.1 0.7 0.3 2.6 2.5 6.2 0.2740676982827519
56.900000000000006 0.1 0.9 0.3 2.5 2.7 6.5 0.29072662987085074
57.0 0.1 0.7 0.2 2.5 2.9 6.4 0.27456363816983154
57.1 0.0 0.6 0.2 2.5 2.6 5.9 0.2535970947761336
57.2 0.0 0.7 0.2 2.5 2.6 6.0 0.2620656739150303
57.300000000000004 0.0 0.7 0.3 2.4 2.6 6.0 0.2672041217795901
57.400000000000006 0.0 0.7 0.2 2.7 2.8 6.4 0.28123950901358613
57.5 0.0 0.7 0.2 2.7 2.6 6.2 0.27834058116026766
57.6 0.0 0.9 0.2 2.5 2.5 6.1 0.27494613343489605
57.7 0.1 0.7 0.2 2.6 2.3 5.9 0.26065184728452995
57.800000000000004 0.0 0.8 0.2 2.7 2.4 6.1 0.2668468524940303
57.900000000000006 0.0 0.8 0.2 2.6 2.5 6.1 0.2709466827402482
58.0 0.2 0.8 0.2 2.8 2.5 6.5 0.2820364351446121
58.1 0.0 0.9 0.2 2.6 2.4 6.1 0.2663499970730454
58.2 0.0 1.0 0.2 2.7 2.2 6.1 0.2673900766042818
58.300000000000004 0.1 0.9 0.2 2.9 2.3 6.4 0.2754576083248464
58.400000000000006 0.0 0.9 0.2 2.5 2.6 6.2 0.27299628726994907
58.5 0.0 1.0 0.2 2.5 2.4 6.1 0.2686790377280829
58.6 0.0 1.0 0.2 2.4 2.4 6.0 0.26923995942930806
58.7 0.0 1.0 0.2 2.5 2.3 6.0 0.27063260104890186
58.800000000000004 0.2 0.8 0.2 2.6 2.3 6.1 0.2733024367589428
58.900000000000006 0.1 0.7 0.2 2.7 2.4 6.1 0.27603687586048814
59.0 0.1 0.8 0.2 2.7 2.7 6.5 0.2986951063820783
59.1 0.1 0.9 0.2 2.5 2.5 6.2 0.2844362905576715
59.2 0.2 0.7 0.2 2.6 2.3 6.0 0.27857795258963836
59.300000000000004 0.0 0.8 0.3 2.6 2.4 6.1 0.29220098668362887
59.400000000000006 0.0 0.9 0.3 2.5 2.2 5.9 0.2770676492136471
59.5 0.0 0.9 0.3 2.7 2.1 6.0 0.27811758976081397
59.6 0.0 1.1 0.3 2.3 2.1 5.8 0.27704208062491864
59.7 0.0 1.1 0.3 2.3 2.2 5.9 0.2827736641243054
59.800000000000004 0.0 1.1 0.3 2.4 2.4 6.2 0.28841089888670063
59.900000000000006 0.1 1.0 0.4 2.4 2.2 6.1 0.29008608143147196
60.0 0.0 1.3 0.4 2.4 2.2 6.3 0.29513923401395326
