t/s,s_1AO6-P1,s_2A73-P2,s_3GHG-P3,s_3K2S-P4,s_1HZH-P5,total,total_coverage
0.0 0.0 0.0 0.0 0.0 0.0 0.0 0.0
0.1 0.010148821748904264 0.0360602350682971 0.03731731148036046 0.2672034699858815 0.036005775506590995 8.7 0.38673561379003424
0.2 0.012345912887918437 0.08904963720892392 0.018918867019997898 0.34488904393479075 0.02076058448091784 11.8 0.4859640455325486
0.30000000000000004 0.012510393192300356 0.1174082617319728 0.018918867019997898 0.32354581621524303 0.024332229170355525 12.9 0.4967155673298696
0.4 0.012510393192300356 0.13255186525997556 0.018918867019997898 0.3501539710788314 0.03287955259167174 14.3 0.547014649142777
0.5 0.015348577540723895 0.13211297160448848 0.018918867019997898 0.37790822544739744 0.035617546692803904 15.1 0.5799061883054116
0.6000000000000001 0.015193977234262985 0.13894838789273498 0.018918867019997898 0.38728680927583164 0.04015000416371854 15.8 0.6004980455865461
0.7000000000000001 0.01821959780323263 0.13857998459986084 0.018918867019997898 0.3872298192907484 0.04015000416371854 15.9 0.6030982728775582
0.8 0.02115150449644242 0.13950471055110797 0.018918867019997898 0.4068557193048038 0.04956981035674996 16.7 0.6360006117291019
0.9 0.02115150449644242 0.1324219246904077 0.018918867019997898 0.4108498461367035 0.04718675559541818 16.6 0.6305288979389695
1.0 0.02115150449644242 0.13262849672880878 0.009254662542050707 0.41045257315595524 0.04718675559541818 16.5 0.6206739925186753
1.1 0.02115150449644242 0.13262849672880878 0.009254662542050707 0.425254177584371 0.04718675559541818 16.7 0.6354755969470908
1.2000000000000002 0.02115150449644242 0.12007860184270278 0.009254662542050707 0.42636882767741513 0.05051770274720606 16.7 0.6273712993058169
1.3 0.01821959780323263 0.11797217092261991 0.009254662542050707 0.42014353076167366 0.06022428283951146 16.7 0.6258142448690882
1.4000000000000001 0.018688449377327675 0.12461261230732054 0.009254662542050707 0.42520231905289496 0.04888066844263296 16.9 0.6266387117222268
1.5 0.018688449377327675 0.11852669806604096 0.009254662542050707 0.42767021758499146 0.04888066844263296 17.0 0.6230206960130438
1.6 0.021964162988679405 0.12046513997898234 0.009254662542050707 0.4367257483932188 0.04888066844263296 17.4 0.6372903823455642
1.7000000000000002 0.021964162988679405 0.11652037512135693 0.009254662542050707 0.44876599724337646 0.045026080143398144 17.4 0.6415312780388618
1.8 0.021964162988679405 0.12598777083196186 0.009254662542050707 0.4433504631574185 0.045026080143398144 17.8 0.6455831396635087
1.9000000000000001 0.01893854241970976 0.12958120645213084 0.009254662542050707 0.45054119408182913 0.050746967638097475 18.3 0.659062573133818
2.0 0.01893854241970976 0.12884938278702232 0.009254662542050707 0.4534273311525113 0.050746967638097475 18.3 0.6612168865393915
2.1 0.01893854241970976 0.12066518188466291 0.009254662542050707 0.4557460358709327 0.05653624970703582 18.5 0.661140672424392
2.2 0.01893854241970976 0.12333026906985597 0.009254662542050707 0.4571839334155374 0.06031915038745408 18.6 0.669026557834608
2.3000000000000003 0.01893854241970976 0.12333026906985597 0.009254662542050707 0.4595330801682363 0.05964208701843972 18.7 0.6706986412182925
2.4000000000000004 0.01893854241970976 0.1252708225515519 0.009254662542050707 0.4615267826480511 0.05964208701843972 18.8 0.6746328971798032
2.5 0.01893854241970976 0.12683514936830015 0.009254662542050707 0.46827804685397545 0.059056945216643744 19.0 0.6823633464006796
2.6 0.015258667693840872 0.1384002005165344 0.009254662542050707 0.4654986958298545 0.05909793396793972 19.1 0.68751016055022
2.7 0.015258667693840872 0.13836547084256096 0.009254662542050707 0.46688034068184026 0.05823029365863479 19.1 0.6879894354189273
2.8000000000000003 0.015258667693840872 0.13153094630057022 0.009254662542050707 0.4703515330484057 0.05823029365863479 19.0 0.6846261032435021
2.9000000000000004 0.015258667693840872 0.13124177431157807 0.009254662542050707 0.47193747830074084 0.05823029365863479 19.0 0.6859228765068452
3.0 0.015258667693840872 0.13327792657933046 0.009254662542050707 0.475143427912929 0.06207066197789397 19.3 0.695005346706045
3.1 0.012201554421285888 0.1351613030265883 0.009254662542050707 0.47775431155788073 0.06207066197789397 19.4 0.6964424935256995
3.2 0.012201554421285888 0.1351613030265883 0.009254662542050707 0.47621626594532424 0.06207066197789397 19.4 0.694904447913143
3.3000000000000003 0.012201554421285888 0.1388384284603162 0.009254662542050707 0.47519411770147385 0.06207066197789397 19.5 0.6975594251030205
3.4000000000000004 0.009288312574788604 0.1388384284603162 0.009254662542050707 0.48115902726232856 0.056782736232587706 19.4 0.6953231670720714
3.5 0.009288312574788604 0.1388384284603162 0.009254662542050707 0.48115902726232856 0.056782736232587706 19.4 0.6953231670720714
3.6 0.009288312574788604 0.141163632931916 0.009254662542050707 0.48115902726232856 0.06157469761048571 19.6 0.7024403329215693
3.7 0.009288312574788604 0.13781661735615464 0.011848429757000766 0.4803209654032551 0.06495804035406773 19.8 0.7042323654452667
3.8000000000000003 0.009288312574788604 0.13781661735615464 0.014170631089973374 0.4803209654032551 0.06846427564394167 20.0 0.7100608020681133
3.9000000000000004 0.009288312574788604 0.13781661735615464 0.014170631089973374 0.4748270936007247 0.06846427564394167 19.9 0.7045669302655829
4.0 0.009288312574788604 0.13583941460863885 0.014170631089973374 0.4751076054322452 0.06846427564394167 19.8 0.7028702393495876
4.1000000000000005 0.009288312574788604 0.13345772012500223 0.014170631089973374 0.4834693061608366 0.06520487796793173 19.9 0.7055908479185328
4.2 0.009288312574788604 0.13362363588120135 0.014170631089973374 0.475839821240806 0.06520487796793173 19.9 0.6981272787547009
4.3 0.0 0.13310370107653868 0.004915968547922667 0.49970956633866476 0.062466883866799564 20.1 0.7001961198299254
4.4 0.0 0.13846627681237578 0.004915968547922667 0.49791479952930573 0.062466883866799564 20.2 0.7037639287564035
4.5 0.0 0.1465685993369582 0.004915968547922667 0.5032545882206658 0.062466883866799564 20.7 0.717206039972346
4.6000000000000005 0.0029836948961009914 0.14229593153754355 0.004915968547922667 0.5142135181588555 0.05642459667005186 20.8 0.7208337098104742
4.7 0.0029836948961009914 0.13710647493981085 0.004915968547922667 0.5163285366467437 0.05642459667005186 20.7 0.7177592717006297
4.800000000000001 0.0029836948961009914 0.1334862298306964 0.004915968547922667 0.5226140220274239 0.05642459667005186 20.7 0.7204245119721956
4.9 0.0029836948961009914 0.1356499962182867 0.004915968547922667 0.5197735489044233 0.05336525452433126 20.7 0.7166884630910647
5.0 0.0029836948961009914 0.14234981037589067 0.004915968547922667 0.5254061788377289 0.05336525452433126 21.1 0.729020907181974
5.1000000000000005 0.0029836948961009914 0.14471581876789638 0.004915968547922667 0.5275379664644835 0.04985901923445731 21.2 0.7300124679108604
5.2 0.0029836948961009914 0.14093302388960913 0.004915968547922667 0.5275379664644835 0.04985901923445731 21.1 0.726229673032573
5.300000000000001 0.0029836948961009914 0.1491990835246244 0.004915968547922667 0.5295750768665106 0.04985901923445731 21.5 0.7365328430696154
5.4 0.0 0.1491990835246244 0.004915968547922667 0.5295750768665106 0.04985901923445731 21.4 0.7335491481735145
5.5 0.002413685979669905 0.1491990835246244 0.004915968547922667 0.5316467151650748 0.04985901923445731 21.6 0.7380344724517485
5.6000000000000005 0.005032247409071567 0.14694355627670838 0.004915968547922667 0.5316467151650748 0.04985901923445731 21.6 0.7383975066332341
5.7 0.005032247409071567 0.14694355627670838 0.004915968547922667 0.5316467151650748 0.04985901923445731 21.6 0.7383975066332341
5.800000000000001 0.005032247409071567 0.14694355627670838 0.004915968547922667 0.5316467151650748 0.04985901923445731 21.6 0.7383975066332341
5.9 0.005032247409071567 0.1491937782131269 0.004915968547922667 0.5316467151650748 0.04985901923445731 21.7 0.7406477285696526
6.0 0.005032247409071567 0.14748859217205199 0.004915968547922667 0.5316467151650748 0.04985901923445731 21.6 0.7389425425285776
6.1000000000000005 0.005032247409071567 0.14748859217205199 0.004915968547922667 0.5316467151650748 0.04985901923445731 21.6 0.7389425425285776
6.2 0.005032247409071567 0.14989460311390623 0.004915968547922667 0.5316467151650748 0.04985901923445731 21.7 0.7413485534704318
6.300000000000001 0.005032247409071567 0.151723823434912 0.004915968547922667 0.5316467151650748 0.04985901923445731 21.8 0.7431777737914376
6.4 0.005032247409071567 0.14950639350774414 0.004915968547922667 0.5316467151650748 0.04985901923445731 21.7 0.7409603438642697
6.5 0.005032247409071567 0.15151792304424952 0.004915968547922667 0.5316467151650748 0.04985901923445731 21.8 0.7429718734007751
6.6000000000000005 0.005032247409071567 0.15151792304424952 0.004915968547922667 0.5316467151650748 0.04985901923445731 21.8 0.7429718734007751
6.7 0.005032247409071567 0.15151792304424952 0.004915968547922667 0.5334828420237728 0.04985901923445731 21.9 0.7448080002594731
6.800000000000001 0.005032247409071567 0.15151792304424952 0.004915968547922667 0.5334828420237728 0.04985901923445731 21.9 0.7448080002594731
6.9 0.005032247409071567 0.15151792304424952 0.004915968547922667 0.5334828420237728 0.04985901923445731 21.9 0.7448080002594731
7.0 0.005032247409071567 0.15151792304424952 0.004915968547922667 0.5334828420237728 0.04985901923445731 21.9 0.7448080002594731
7.1000000000000005 0.005032247409071567 0.15358575885536183 0.004915968547922667 0.5334828420237728 0.04985901923445731 22.0 0.7468758360705855
7.2 0.005032247409071567 0.15167401873509828 0.004915968547922667 0.5334828420237728 0.04985901923445731 21.9 0.744964095950322
7.300000000000001 0.005032247409071567 0.15167401873509828 0.004915968547922667 0.5355994111814278 0.04985901923445731 22.0 0.747080665107977
7.4 0.005032247409071567 0.15167401873509828 0.004915968547922667 0.5355994111814278 0.04985901923445731 22.0 0.747080665107977
7.5 0.005032247409071567 0.15167401873509828 0.004915968547922667 0.5355994111814278 0.04985901923445731 22.0 0.747080665107977
7.6000000000000005 0.005032247409071567 0.15167401873509828 0.004915968547922667 0.5355994111814278 0.04985901923445731 22.0 0.747080665107977
7.7 0.005032247409071567 0.15167401873509828 0.004915968547922667 0.5355994111814278 0.04985901923445731 22.0 0.747080665107977
7.800000000000001 0.005032247409071567 0.15167401873509828 0.004915968547922667 0.5355994111814278 0.04985901923445731 22.0 0.747080665107977
7.9 0.005032247409071567 0.15167401873509828 0.004915968547922667 0.5355994111814278 0.04985901923445731 22.0 0.747080665107977
8.0 0.005032247409071567 0.15167401873509828 0.004915968547922667 0.5355994111814278 0.04985901923445731 22.0 0.747080665107977
8.1 0.005032247409071567 0.15167401873509828 0.004915968547922667 0.5355994111814278 0.04985901923445731 22.0 0.747080665107977
8.200000000000001 0.005032247409071567 0.15167401873509828 0.004915968547922667 0.5355994111814278 0.04985901923445731 22.0 0.747080665107977
8.3 0.005032247409071567 0.15167401873509828 0.004915968547922667 0.5355994111814278 0.04985901923445731 22.0 0.747080665107977
8.4 0.005032247409071567 0.15167401873509828 0.004915968547922667 0.5355994111814278 0.04985901923445731 22.0 0.747080665107977
8.5 0.005032247409071567 0.15167401873509828 0.004915968547922667 0.5355994111814278 0.04985901923445731 22.0 0.747080665107977
8.6 0.005032247409071567 0.15167401873509828 0.004915968547922667 0.5355994111814278 0.04985901923445731 22.0 0.747080665107977
8.700000000000001 0.005032247409071567 0.15167401873509828 0.004915968547922667 0.5355994111814278 0.04985901923445731 22.0 0.747080665107977
8.8 0.005032247409071567 0.15167401873509828 0.004915968547922667 0.5355994111814278 0.04985901923445731 22.0 0.747080665107977
8.9 0.005032247409071567 0.15167401873509828 0.004915968547922667 0.5355994111814278 0.04985901923445731 22.0 0.747080665107977
9.0 0.005032247409071567 0.15167401873509828 0.004915968547922667 0.5355994111814278 0.04985901923445731 22.0 0.747080665107977
9.1 0.005032247409071567 0.15167401873509828 0.004915968547922667 0.5355994111814278 0.04985901923445731 22.0 0.747080665107977
9.200000000000001 0.005032247409071567 0.15167401873509828 0.004915968547922667 0.5355994111814278 0.04985901923445731 22.0 0.747080665107977
9.3 0.005032247409071567 0.15167401873509828 0.004915968547922667 0.5355994111814278 0.04985901923445731 22.0 0.747080665107977
9.4 0.005032247409071567 0.1498447984140925 0.004915968547922667 0.5355994111814278 0.04985901923445731 21.9 0.7452514447869713
9.5 0.005032247409071567 0.1498447984140925 0.004915968547922667 0.5355994111814278 0.04985901923445731 21.9 0.7452514447869713
9.600000000000001 0.005032247409071567 0.1498447984140925 0.004915968547922667 0.5355994111814278 0.04985901923445731 21.9 0.7452514447869713
9.700000000000001 0.005032247409071567 0.1498447984140925 0.004915968547922667 0.5355994111814278 0.04985901923445731 21.9 0.7452514447869713
9.8 0.005032247409071567 0.1498447984140925 0.004915968547922667 0.5355994111814278 0.04985901923445731 21.9 0.7452514447869713
9.9 0.005032247409071567 0.1498447984140925 0.004915968547922667 0.5355994111814278 0.04985901923445731 21.9 0.7452514447869713
10.0 0.005032247409071567 0.1498447984140925 0.004915968547922667 0.5355994111814278 0.04985901923445731 21.9 0.7452514447869713
10.100000000000001 0.005032247409071567 0.1498447984140925 0.004915968547922667 0.5355994111814278 0.04985901923445731 21.9 0.7452514447869713
10.200000000000001 0.005032247409071567 0.1498447984140925 0.004915968547922667 0.5355994111814278 0.04985901923445731 21.9 0.7452514447869713
10.3 0.005032247409071567 0.1498447984140925 0.004915968547922667 0.5355994111814278 0.04985901923445731 21.9 0.7452514447869713
10.4 0.005032247409071567 0.1498447984140925 0.004915968547922667 0.5355994111814278 0.04985901923445731 21.9 0.7452514447869713
10.5 0.005032247409071567 0.1498447984140925 0.004915968547922667 0.5355994111814278 0.04985901923445731 21.9 0.7452514447869713
10.600000000000001 0.005032247409071567 0.1498447984140925 0.004915968547922667 0.5355994111814278 0.04985901923445731 21.9 0.7452514447869713
10.700000000000001 0.005032247409071567 0.1498447984140925 0.004915968547922667 0.5355994111814278 0.04985901923445731 21.9 0.7452514447869713
10.8 0.005032247409071567 0.1498447984140925 0.004915968547922667 0.5355994111814278 0.04985901923445731 21.9 0.7452514447869713
10.9 0.005032247409071567 0.1498447984140925 0.004915968547922667 0.5355994111814278 0.04985901923445731 21.9 0.7452514447869713
11.0 0.005032247409071567 0.1498447984140925 0.004915968547922667 0.5355994111814278 0.04985901923445731 21.9 0.7452514447869713
11.100000000000001 0.005032247409071567 0.1498447984140925 0.004915968547922667 0.5355994111814278 0.04985901923445731 21.9 0.7452514447869713
11.200000000000001 0.005032247409071567 0.1498447984140925 0.004915968547922667 0.5355994111814278 0.04985901923445731 21.9 0.7452514447869713
11.3 0.005032247409071567 0.1498447984140925 0.004915968547922667 0.5355994111814278 0.04985901923445731 21.9 0.7452514447869713
11.4 0.005032247409071567 0.1498447984140925 0.004915968547922667 0.5355994111814278 0.04985901923445731 21.9 0.7452514447869713
11.5 0.005032247409071567 0.1498447984140925 0.004915968547922667 0.5355994111814278 0.04985901923445731 21.9 0.7452514447869713
11.600000000000001 0.005032247409071567 0.1498447984140925 0.004915968547922667 0.5355994111814278 0.04985901923445731 21.9 0.7452514447869713
11.700000000000001 0.005032247409071567 0.1498447984140925 0.004915968547922667 0.5355994111814278 0.04985901923445731 21.9 0.7452514447869713
11.8 0.005032247409071567 0.1498447984140925 0.004915968547922667 0.5355994111814278 0.04985901923445731 21.9 0.7452514447869713
11.9 0.005032247409071567 0.1498447984140925 0.004915968547922667 0.5355994111814278 0.04985901923445731 21.9 0.7452514447869713
12.0 0.005032247409071567 0.1498447984140925 0.004915968547922667 0.5355994111814278 0.04985901923445731 21.9 0.7452514447869713
12.100000000000001 0.005032247409071567 0.1498447984140925 0.004915968547922667 0.5355994111814278 0.04985901923445731 21.9 0.7452514447869713
12.200000000000001 0.005032247409071567 0.1498447984140925 0.004915968547922667 0.5355994111814278 0.04985901923445731 21.9 0.7452514447869713
12.3 0.005032247409071567 0.1498447984140925 0.004915968547922667 0.5355994111814278 0.04985901923445731 21.9 0.7452514447869713
12.4 0.005032247409071567 0.1498447984140925 0.004915968547922667 0.5355994111814278 0.04985901923445731 21.9 0.7452514447869713
12.5 0.005032247409071567 0.1498447984140925 0.004915968547922667 0.5355994111814278 0.04985901923445731 21.9 0.7452514447869713
12.600000000000001 0.005032247409071567 0.1498447984140925 0.004915968547922667 0.5355994111814278 0.04985901923445731 21.9 0.7452514447869713
12.700000000000001 0.005032247409071567 0.1498447984140925 0.004915968547922667 0.5355994111814278 0.04985901923445731 21.9 0.7452514447869713
12.8 0.005032247409071567 0.1498447984140925 0.004915968547922667 0.5355994111814278 0.04985901923445731 21.9 0.7452514447869713
12.9 0.005032247409071567 0.1498447984140925 0.004915968547922667 0.5355994111814278 0.04985901923445731 21.9 0.7452514447869713
13.0 0.005032247409071567 0.147594576477674 0.004915968547922667 0.5355994111814278 0.04985901923445731 21.8 0.7430012228505528
13.100000000000001 0.005032247409071567 0.147594576477674 0.004915968547922667 0.5355994111814278 0.04985901923445731 21.8 0.7430012228505528
13.200000000000001 0.005032247409071567 0.147594576477674 0.004915968547922667 0.5355994111814278 0.04985901923445731 21.8 0.7430012228505528
13.3 0.005032247409071567 0.147594576477674 0.004915968547922667 0.5355994111814278 0.04985901923445731 21.8 0.7430012228505528
13.4 0.005032247409071567 0.147594576477674 0.004915968547922667 0.5355994111814278 0.04985901923445731 21.8 0.7430012228505528
13.5 0.005032247409071567 0.147594576477674 0.004915968547922667 0.5355994111814278 0.04985901923445731 21.8 0.7430012228505528
13.600000000000001 0.005032247409071567 0.147594576477674 0.004915968547922667 0.5355994111814278 0.04985901923445731 21.8 0.7430012228505528
13.700000000000001 0.005032247409071567 0.147594576477674 0.004915968547922667 0.5355994111814278 0.04985901923445731 21.8 0.7430012228505528
13.8 0.005032247409071567 0.147594576477674 0.004915968547922667 0.5355994111814278 0.04985901923445731 21.8 0.7430012228505528
13.9 0.005032247409071567 0.147594576477674 0.004915968547922667 0.5355994111814278 0.04985901923445731 21.8 0.7430012228505528
14.0 0.005032247409071567 0.147594576477674 0.004915968547922667 0.5355994111814278 0.04985901923445731 21.8 0.7430012228505528
14.100000000000001 0.005032247409071567 0.14963737025654525 0.004915968547922667 0.5383637995852066 0.04985901923445731 22.0 0.7478084050332028
14.200000000000001 0.005032247409071567 0.14963737025654525 0.004915968547922667 0.5383637995852066 0.04985901923445731 22.0 0.7478084050332028
14.3 0.005032247409071567 0.14963737025654525 0.004915968547922667 0.5383637995852066 0.04985901923445731 22.0 0.7478084050332028
14.4 0.005032247409071567 0.14963737025654525 0.004915968547922667 0.5383637995852066 0.04985901923445731 22.0 0.7478084050332028
14.5 0.005032247409071567 0.14963737025654525 0.004915968547922667 0.5383637995852066 0.04985901923445731 22.0 0.7478084050332028
14.600000000000001 0.005032247409071567 0.14963737025654525 0.004915968547922667 0.5383637995852066 0.04985901923445731 22.0 0.7478084050332028
14.700000000000001 0.005032247409071567 0.14963737025654525 0.004915968547922667 0.5383637995852066 0.04985901923445731 22.0 0.7478084050332028
14.8 0.005032247409071567 0.14963737025654525 0.004915968547922667 0.5383637995852066 0.04985901923445731 22.0 0.7478084050332028
14.9 0.005032247409071567 0.152131061668661 0.004915968547922667 0.5383637995852066 0.04985901923445731 22.1 0.7503020964453186
15.0 0.005032247409071567 0.14837450063099572 0.004915968547922667 0.5383637995852066 0.04985901923445731 22.0 0.7465455354076533
15.100000000000001 0.005032247409071567 0.14837450063099572 0.004915968547922667 0.5383637995852066 0.04985901923445731 22.0 0.7465455354076533
15.200000000000001 0.005032247409071567 0.14837450063099572 0.004915968547922667 0.540018418999264 0.04985901923445731 22.1 0.7482001548217107
15.3 0.005032247409071567 0.14837450063099572 0.004915968547922667 0.540018418999264 0.04985901923445731 22.1 0.7482001548217107
15.4 0.005032247409071567 0.14837450063099572 0.004915968547922667 0.540018418999264 0.04985901923445731 22.1 0.7482001548217107
15.5 0.005032247409071567 0.14553628672149563 0.004915968547922667 0.540018418999264 0.04985901923445731 22.0 0.7453619409122105
15.600000000000001 0.005032247409071567 0.14553628672149563 0.004915968547922667 0.540018418999264 0.04985901923445731 22.0 0.7453619409122105
15.700000000000001 0.005032247409071567 0.14553628672149563 0.004915968547922667 0.540018418999264 0.04985901923445731 22.0 0.7453619409122105
15.8 0.005032247409071567 0.14553628672149563 0.004915968547922667 0.540018418999264 0.04985901923445731 22.0 0.7453619409122105
15.9 0.005032247409071567 0.14553628672149563 0.004915968547922667 0.540018418999264 0.04985901923445731 22.0 0.7453619409122105
16.0 0.005032247409071567 0.14553628672149563 0.004915968547922667 0.540018418999264 0.04985901923445731 22.0 0.7453619409122105
16.1 0.005032247409071567 0.14553628672149563 0.004915968547922667 0.540018418999264 0.04985901923445731 22.0 0.7453619409122105
16.2 0.005032247409071567 0.14553628672149563 0.004915968547922667 0.540018418999264 0.04985901923445731 22.0 0.7453619409122105
16.3 0.005032247409071567 0.14553628672149563 0.004915968547922667 0.540018418999264 0.04985901923445731 22.0 0.7453619409122105
16.400000000000002 0.005032247409071567 0.14553628672149563 0.004915968547922667 0.540018418999264 0.047356830796075666 21.9 0.742859752473829
16.5 0.005032247409071567 0.14553628672149563 0.004915968547922667 0.540018418999264 0.047356830796075666 21.9 0.742859752473829
16.6 0.005032247409071567 0.14774750702956735 0.004915968547922667 0.540018418999264 0.047356830796075666 22.0 0.7450709727819007
16.7 0.005032247409071567 0.14774750702956735 0.004915968547922667 0.540018418999264 0.047356830796075666 22.0 0.7450709727819007
16.8 0.005032247409071567 0.14774750702956735 0.004915968547922667 0.540018418999264 0.047356830796075666 22.0 0.7450709727819007
16.900000000000002 0.005032247409071567 0.14774750702956735 0.004915968547922667 0.540018418999264 0.047356830796075666 22.0 0.7450709727819007
17.0 0.005032247409071567 0.14774750702956735 0.004915968547922667 0.540018418999264 0.047356830796075666 22.0 0.7450709727819007
17.1 0.005032247409071567 0.14774750702956735 0.004915968547922667 0.540018418999264 0.047356830796075666 22.0 0.7450709727819007
17.2 0.005032247409071567 0.14774750702956735 0.004915968547922667 0.540018418999264 0.047356830796075666 22.0 0.7450709727819007
17.3 0.005032247409071567 0.1494445998374675 0.004915968547922667 0.540018418999264 0.047356830796075666 22.1 0.7467680655898008
17.400000000000002 0.005032247409071567 0.1494445998374675 0.004915968547922667 0.540018418999264 0.047356830796075666 22.1 0.7467680655898008
17.5 0.005032247409071567 0.1494445998374675 0.004915968547922667 0.540018418999264 0.047356830796075666 22.1 0.7467680655898008
17.6 0.005032247409071567 0.1494445998374675 0.004915968547922667 0.540018418999264 0.047356830796075666 22.1 0.7467680655898008
17.7 0.005032247409071567 0.14774750702956735 0.004915968547922667 0.540018418999264 0.047356830796075666 22.0 0.7450709727819007
17.8 0.005032247409071567 0.14774750702956735 0.004915968547922667 0.540018418999264 0.047356830796075666 22.0 0.7450709727819007
17.900000000000002 0.005032247409071567 0.14774750702956735 0.004915968547922667 0.540018418999264 0.047356830796075666 22.0 0.7450709727819007
18.0 0.005032247409071567 0.14774750702956735 0.004915968547922667 0.540018418999264 0.047356830796075666 22.0 0.7450709727819007
18.1 0.005032247409071567 0.14774750702956735 0.004915968547922667 0.540018418999264 0.047356830796075666 22.0 0.7450709727819007
18.2 0.005032247409071567 0.14774750702956735 0.004915968547922667 0.540018418999264 0.047356830796075666 22.0 0.7450709727819007
18.3 0.005032247409071567 0.14774750702956735 0.004915968547922667 0.540018418999264 0.047356830796075666 22.0 0.7450709727819007
18.400000000000002 0.005032247409071567 0.14774750702956735 0.004915968547922667 0.540018418999264 0.047356830796075666 22.0 0.7450709727819007
18.5 0.005032247409071567 0.14520421350108276 0.004915968547922667 0.540018418999264 0.047356830796075666 21.9 0.7425276792534161
18.6 0.005032247409071567 0.14520421350108276 0.004915968547922667 0.540018418999264 0.047356830796075666 21.9 0.7425276792534161
18.7 0.005032247409071567 0.14520421350108276 0.004915968547922667 0.540018418999264 0.047356830796075666 21.9 0.7425276792534161
18.8 0.005032247409071567 0.14705850301282758 0.004915968547922667 0.540018418999264 0.047356830796075666 22.0 0.7443819687651609
18.900000000000002 0.005032247409071567 0.14705850301282758 0.004915968547922667 0.540018418999264 0.047356830796075666 22.0 0.7443819687651609
19.0 0.005032247409071567 0.14705850301282758 0.004915968547922667 0.540018418999264 0.047356830796075666 22.0 0.7443819687651609
19.1 0.005032247409071567 0.14705850301282758 0.004915968547922667 0.540018418999264 0.047356830796075666 22.0 0.7443819687651609
19.200000000000003 0.005032247409071567 0.14905016982110036 0.004915968547922667 0.540018418999264 0.047356830796075666 22.1 0.7463736355734338
19.3 0.005032247409071567 0.14905016982110036 0.004915968547922667 0.540018418999264 0.047356830796075666 22.1 0.7463736355734338
19.400000000000002 0.005032247409071567 0.14905016982110036 0.004915968547922667 0.540018418999264 0.047356830796075666 22.1 0.7463736355734338
19.5 0.005032247409071567 0.14905016982110036 0.004915968547922667 0.540018418999264 0.047356830796075666 22.1 0.7463736355734338
19.6 0.005032247409071567 0.14905016982110036 0.004915968547922667 0.540018418999264 0.047356830796075666 22.1 0.7463736355734338
19.700000000000003 0.005032247409071567 0.14905016982110036 0.004915968547922667 0.540018418999264 0.047356830796075666 22.1 0.7463736355734338
19.8 0.005032247409071567 0.14905016982110036 0.004915968547922667 0.540018418999264 0.047356830796075666 22.1 0.7463736355734338
19.900000000000002 0.005032247409071567 0.1507873489453347 0.004915968547922667 0.540018418999264 0.047356830796075666 22.2 0.748110814697668
20.0 0.005032247409071567 0.1507873489453347 0.004915968547922667 0.540018418999264 0.047356830796075666 22.2 0.748110814697668
20.1 0.005032247409071567 0.1507873489453347 0.004915968547922667 0.540018418999264 0.047356830796075666 22.2 0.748110814697668
20.200000000000003 0.005032247409071567 0.1507873489453347 0.004915968547922667 0.540018418999264 0.047356830796075666 22.2 0.748110814697668
20.3 0.005032247409071567 0.1507873489453347 0.004915968547922667 0.540018418999264 0.047356830796075666 22.2 0.748110814697668
20.400000000000002 0.005032247409071567 0.1507873489453347 0.004915968547922667 0.540018418999264 0.047356830796075666 22.2 0.748110814697668
20.5 0.005032247409071567 0.1507873489453347 0.004915968547922667 0.540018418999264 0.047356830796075666 22.2 0.748110814697668
20.6 0.005032247409071567 0.1507873489453347 0.004915968547922667 0.540018418999264 0.047356830796075666 22.2 0.748110814697668
20.700000000000003 0.005032247409071567 0.1507873489453347 0.004915968547922667 0.540018418999264 0.047356830796075666 22.2 0.748110814697668
20.8 0.005032247409071567 0.1507873489453347 0.004915968547922667 0.540018418999264 0.047356830796075666 22.2 0.748110814697668
20.900000000000002 0.005032247409071567 0.1507873489453347 0.004915968547922667 0.540018418999264 0.047356830796075666 22.2 0.748110814697668
21.0 0.005032247409071567 0.1507873489453347 0.004915968547922667 0.540018418999264 0.047356830796075666 22.2 0.748110814697668
21.1 0.005032247409071567 0.1507873489453347 0.004915968547922667 0.540018418999264 0.047356830796075666 22.2 0.748110814697668
21.200000000000003 0.005032247409071567 0.1507873489453347 0.004915968547922667 0.540018418999264 0.047356830796075666 22.2 0.748110814697668
21.3 0.005032247409071567 0.1507873489453347 0.004915968547922667 0.540018418999264 0.047356830796075666 22.2 0.748110814697668
21.400000000000002 0.005032247409071567 0.15275990153971805 0.004915968547922667 0.540018418999264 0.047356830796075666 22.3 0.7500833672920514
21.5 0.005032247409071567 0.15275990153971805 0.004915968547922667 0.540018418999264 0.047356830796075666 22.3 0.7500833672920514
21.6 0.005032247409071567 0.15275990153971805 0.004915968547922667 0.540018418999264 0.047356830796075666 22.3 0.7500833672920514
21.700000000000003 0.005032247409071567 0.15275990153971805 0.004915968547922667 0.540018418999264 0.047356830796075666 22.3 0.7500833672920514
21.8 0.005032247409071567 0.15437647067346733 0.004915968547922667 0.540018418999264 0.047356830796075666 22.4 0.7516999364258007
21.900000000000002 0.005032247409071567 0.15275990153971805 0.004915968547922667 0.540018418999264 0.047356830796075666 22.3 0.7500833672920514
22.0 0.005032247409071567 0.15275990153971805 0.004915968547922667 0.540018418999264 0.047356830796075666 22.3 0.7500833672920514
22.1 0.005032247409071567 0.15275990153971805 0.004915968547922667 0.540018418999264 0.047356830796075666 22.3 0.7500833672920514
22.200000000000003 0.005032247409071567 0.15275990153971805 0.004915968547922667 0.540018418999264 0.047356830796075666 22.3 0.7500833672920514
22.3 0.005032247409071567 0.15275990153971805 0.004915968547922667 0.540018418999264 0.047356830796075666 22.3 0.7500833672920514
22.400000000000002 0.005032247409071567 0.15275990153971805 0.004915968547922667 0.540018418999264 0.047356830796075666 22.3 0.7500833672920514
22.5 0.005032247409071567 0.15275990153971805 0.004915968547922667 0.540018418999264 0.047356830796075666 22.3 0.7500833672920514
22.6 0.005032247409071567 0.15275990153971805 0.004915968547922667 0.540018418999264 0.047356830796075666 22.3 0.7500833672920514
22.700000000000003 0.005032247409071567 0.15275990153971805 0.004915968547922667 0.540018418999264 0.047356830796075666 22.3 0.7500833672920514
22.8 0.005032247409071567 0.15275990153971805 0.004915968547922667 0.540018418999264 0.047356830796075666 22.3 0.7500833672920514
22.900000000000002 0.005032247409071567 0.15275990153971805 0.004915968547922667 0.540018418999264 0.047356830796075666 22.3 0.7500833672920514
23.0 0.005032247409071567 0.15275990153971805 0.004915968547922667 0.540018418999264 0.047356830796075666 22.3 0.7500833672920514
23.1 0.005032247409071567 0.15275990153971805 0.004915968547922667 0.540018418999264 0.047356830796075666 22.3 0.7500833672920514
23.200000000000003 0.005032247409071567 0.15275990153971805 0.004915968547922667 0.540018418999264 0.047356830796075666 22.3 0.7500833672920514
23.3 0.005032247409071567 0.15275990153971805 0.004915968547922667 0.540018418999264 0.047356830796075666 22.3 0.7500833672920514
23.400000000000002 0.005032247409071567 0.15275990153971805 0.004915968547922667 0.540018418999264 0.047356830796075666 22.3 0.7500833672920514
23.5 0.005032247409071567 0.15275990153971805 0.004915968547922667 0.540018418999264 0.047356830796075666 22.3 0.7500833672920514
23.6 0.005032247409071567 0.15275990153971805 0.004915968547922667 0.540018418999264 0.047356830796075666 22.3 0.7500833672920514
23.700000000000003 0.005032247409071567 0.15275990153971805 0.004915968547922667 0.540018418999264 0.047356830796075666 22.3 0.7500833672920514
23.8 0.005032247409071567 0.15275990153971805 0.00259376721495006 0.540018418999264 0.047356830796075666 22.2 0.7477611659590787
23.900000000000002 0.005032247409071567 0.15275990153971805 0.00259376721495006 0.540018418999264 0.047356830796075666 22.2 0.7477611659590787
24.0 0.005032247409071567 0.1507962189682382 0.00259376721495006 0.540018418999264 0.047356830796075666 22.1 0.7457974833875989
24.1 0.005032247409071567 0.1507962189682382 0.00259376721495006 0.540018418999264 0.047356830796075666 22.1 0.7457974833875989
24.200000000000003 0.005032247409071567 0.1507962189682382 0.00259376721495006 0.540018418999264 0.047356830796075666 22.1 0.7457974833875989
24.3 0.005032247409071567 0.1507962189682382 0.00259376721495006 0.540018418999264 0.047356830796075666 22.1 0.7457974833875989
24.400000000000002 0.005032247409071567 0.1507962189682382 0.00259376721495006 0.540018418999264 0.047356830796075666 22.1 0.7457974833875989
24.5 0.005032247409071567 0.1507962189682382 0.00259376721495006 0.540018418999264 0.047356830796075666 22.1 0.7457974833875989
24.6 0.005032247409071567 0.1507962189682382 0.00259376721495006 0.540018418999264 0.047356830796075666 22.1 0.7457974833875989
24.700000000000003 0.005032247409071567 0.1507962189682382 0.00259376721495006 0.540018418999264 0.047356830796075666 22.1 0.7457974833875989
24.8 0.005032247409071567 0.1507962189682382 0.00259376721495006 0.540018418999264 0.047356830796075666 22.1 0.7457974833875989
24.900000000000002 0.005032247409071567 0.1507962189682382 0.00259376721495006 0.540018418999264 0.047356830796075666 22.1 0.7457974833875989
25.0 0.005032247409071567 0.1507962189682382 0.00259376721495006 0.540018418999264 0.047356830796075666 22.1 0.7457974833875989
25.1 0.005032247409071567 0.15318938049075365 0.00259376721495006 0.540018418999264 0.047356830796075666 22.2 0.7481906449101143
25.200000000000003 0.005032247409071567 0.15318938049075365 0.00259376721495006 0.540018418999264 0.047356830796075666 22.2 0.7481906449101143
25.3 0.005032247409071567 0.15318938049075365 0.00259376721495006 0.540018418999264 0.047356830796075666 22.2 0.7481906449101143
25.400000000000002 0.005032247409071567 0.15318938049075365 0.00259376721495006 0.540018418999264 0.047356830796075666 22.2 0.7481906449101143
25.5 0.005032247409071567 0.15318938049075365 0.00259376721495006 0.540018418999264 0.047356830796075666 22.2 0.7481906449101143
25.6 0.005032247409071567 0.15318938049075365 0.00259376721495006 0.540018418999264 0.047356830796075666 22.2 0.7481906449101143
25.700000000000003 0.005032247409071567 0.15318938049075365 0.00259376721495006 0.542135387317384 0.047356830796075666 22.3 0.7503076132282344
25.8 0.005032247409071567 0.15318938049075365 0.00259376721495006 0.542135387317384 0.047356830796075666 22.3 0.7503076132282344
25.900000000000002 0.005032247409071567 0.15516816637927972 0.00259376721495006 0.542135387317384 0.047356830796075666 22.4 0.7522863991167604
26.0 0.005032247409071567 0.15516816637927972 0.00259376721495006 0.542135387317384 0.047356830796075666 22.4 0.7522863991167604
26.1 0.005032247409071567 0.15516816637927972 0.00259376721495006 0.542135387317384 0.047356830796075666 22.4 0.7522863991167604
26.200000000000003 0.005032247409071567 0.15516816637927972 0.00259376721495006 0.542135387317384 0.047356830796075666 22.4 0.7522863991167604
26.3 0.005032247409071567 0.15516816637927972 0.00259376721495006 0.542135387317384 0.047356830796075666 22.4 0.7522863991167604
26.400000000000002 0.005032247409071567 0.15516816637927972 0.00259376721495006 0.542135387317384 0.047356830796075666 22.4 0.7522863991167604
26.5 0.005032247409071567 0.15516816637927972 0.00259376721495006 0.542135387317384 0.047356830796075666 22.4 0.7522863991167604
26.6 0.005032247409071567 0.15516816637927972 0.00259376721495006 0.542135387317384 0.047356830796075666 22.4 0.7522863991167604
26.700000000000003 0.005032247409071567 0.15516816637927972 0.00259376721495006 0.542135387317384 0.047356830796075666 22.4 0.7522863991167604
26.8 0.005032247409071567 0.15516816637927972 0.00259376721495006 0.542135387317384 0.047356830796075666 22.4 0.7522863991167604
26.900000000000002 0.005032247409071567 0.15516816637927972 0.00259376721495006 0.542135387317384 0.047356830796075666 22.4 0.7522863991167604
27.0 0.005032247409071567 0.15516816637927972 0.00259376721495006 0.542135387317384 0.047356830796075666 22.4 0.7522863991167604
27.1 0.005032247409071567 0.15516816637927972 0.00259376721495006 0.542135387317384 0.047356830796075666 22.4 0.7522863991167604
27.200000000000003 0.005032247409071567 0.15516816637927972 0.00259376721495006 0.542135387317384 0.047356830796075666 22.4 0.7522863991167604
27.3 0.005032247409071567 0.15516816637927972 0.00259376721495006 0.542135387317384 0.047356830796075666 22.4 0.7522863991167604
27.400000000000002 0.005032247409071567 0.15516816637927972 0.00259376721495006 0.542135387317384 0.047356830796075666 22.4 0.7522863991167604
27.5 0.005032247409071567 0.15516816637927972 0.00259376721495006 0.542135387317384 0.047356830796075666 22.4 0.7522863991167604
27.6 0.005032247409071567 0.15516816637927972 0.00259376721495006 0.542135387317384 0.047356830796075666 22.4 0.7522863991167604
27.700000000000003 0.005032247409071567 0.15516816637927972 0.00259376721495006 0.542135387317384 0.047356830796075666 22.4 0.7522863991167604
27.8 0.005032247409071567 0.15516816637927972 0.00259376721495006 0.542135387317384 0.047356830796075666 22.4 0.7522863991167604
27.900000000000002 0.005032247409071567 0.15516816637927972 0.00259376721495006 0.542135387317384 0.047356830796075666 22.4 0.7522863991167604
28.0 0.005032247409071567 0.15516816637927972 0.00259376721495006 0.542135387317384 0.047356830796075666 22.4 0.7522863991167604
28.1 0.005032247409071567 0.15516816637927972 0.00259376721495006 0.542135387317384 0.047356830796075666 22.4 0.7522863991167604
28.200000000000003 0.005032247409071567 0.15516816637927972 0.00259376721495006 0.542135387317384 0.047356830796075666 22.4 0.7522863991167604
28.3 0.005032247409071567 0.15516816637927972 0.00259376721495006 0.542135387317384 0.047356830796075666 22.4 0.7522863991167604
28.400000000000002 0.005032247409071567 0.15516816637927972 0.00259376721495006 0.542135387317384 0.047356830796075666 22.4 0.7522863991167604
28.5 0.005032247409071567 0.15516816637927972 0.00259376721495006 0.542135387317384 0.047356830796075666 22.4 0.7522863991167604
28.6 0.005032247409071567 0.15516816637927972 0.00259376721495006 0.542135387317384 0.047356830796075666 22.4 0.7522863991167604
28.700000000000003 0.005032247409071567 0.15516816637927972 0.00259376721495006 0.542135387317384 0.047356830796075666 22.4 0.7522863991167604
28.8 0.005032247409071567 0.15516816637927972 0.00259376721495006 0.542135387317384 0.047356830796075666 22.4 0.7522863991167604
28.900000000000002 0.005032247409071567 0.15516816637927972 0.00259376721495006 0.542135387317384 0.047356830796075666 22.4 0.7522863991167604
29.0 0.005032247409071567 0.15516816637927972 0.00259376721495006 0.542135387317384 0.047356830796075666 22.4 0.7522863991167604
29.1 0.005032247409071567 0.15516816637927972 0.00259376721495006 0.542135387317384 0.047356830796075666 22.4 0.7522863991167604
29.200000000000003 0.005032247409071567 0.15516816637927972 0.00259376721495006 0.542135387317384 0.047356830796075666 22.4 0.7522863991167604
29.3 0.005032247409071567 0.15516816637927972 0.00259376721495006 0.542135387317384 0.047356830796075666 22.4 0.7522863991167604
29.400000000000002 0.005032247409071567 0.15516816637927972 0.00259376721495006 0.542135387317384 0.047356830796075666 22.4 0.7522863991167604
29.5 0.005032247409071567 0.15516816637927972 0.00259376721495006 0.542135387317384 0.047356830796075666 22.4 0.7522863991167604
29.6 0.005032247409071567 0.15516816637927972 0.00259376721495006 0.542135387317384 0.047356830796075666 22.4 0.7522863991167604
29.700000000000003 0.005032247409071567 0.15516816637927972 0.00259376721495006 0.542135387317384 0.047356830796075666 22.4 0.7522863991167604
29.8 0.005032247409071567 0.15516816637927972 0.00259376721495006 0.542135387317384 0.047356830796075666 22.4 0.7522863991167604
29.900000000000002 0.005032247409071567 0.15516816637927972 0.00259376721495006 0.542135387317384 0.047356830796075666 22.4 0.7522863991167604
30.0 0.005032247409071567 0.15516816637927972 0.00259376721495006 0.542135387317384 0.047356830796075666 22.4 0.7522863991167604
30.1 0.005032247409071567 0.15516816637927972 0.00259376721495006 0.542135387317384 0.047356830796075666 22.4 0.7522863991167604
30.200000000000003 0.005032247409071567 0.15516816637927972 0.00259376721495006 0.542135387317384 0.047356830796075666 22.4 0.7522863991167604
30.3 0.005032247409071567 0.15516816637927972 0.00259376721495006 0.542135387317384 0.047356830796075666 22.4 0.7522863991167604
30.400000000000002 0.005032247409071567 0.15516816637927972 0.00259376721495006 0.542135387317384 0.047356830796075666 22.4 0.7522863991167604
30.5 0.005032247409071567 0.15516816637927972 0.00259376721495006 0.542135387317384 0.047356830796075666 22.4 0.7522863991167604
30.6 0.005032247409071567 0.15516816637927972 0.00259376721495006 0.542135387317384 0.047356830796075666 22.4 0.7522863991167604
30.700000000000003 0.005032247409071567 0.15516816637927972 0.00259376721495006 0.542135387317384 0.047356830796075666 22.4 0.7522863991167604
30.8 0.005032247409071567 0.15516816637927972 0.00259376721495006 0.542135387317384 0.047356830796075666 22.4 0.7522863991167604
30.900000000000002 0.005032247409071567 0.15516816637927972 0.00259376721495006 0.542135387317384 0.047356830796075666 22.4 0.7522863991167604
31.0 0.005032247409071567 0.15516816637927972 0.00259376721495006 0.542135387317384 0.047356830796075666 22.4 0.7522863991167604
31.1 0.005032247409071567 0.15516816637927972 0.00259376721495006 0.542135387317384 0.047356830796075666 22.4 0.7522863991167604
31.200000000000003 0.005032247409071567 0.15516816637927972 0.00259376721495006 0.542135387317384 0.047356830796075666 22.4 0.7522863991167604
31.3 0.005032247409071567 0.15516816637927972 0.00259376721495006 0.542135387317384 0.047356830796075666 22.4 0.7522863991167604
31.400000000000002 0.005032247409071567 0.15516816637927972 0.00259376721495006 0.542135387317384 0.047356830796075666 22.4 0.7522863991167604
31.5 0.005032247409071567 0.15516816637927972 0.00259376721495006 0.542135387317384 0.047356830796075666 22.4 0.7522863991167604
31.6 0.005032247409071567 0.15516816637927972 0.00259376721495006 0.542135387317384 0.047356830796075666 22.4 0.7522863991167604
31.700000000000003 0.005032247409071567 0.15516816637927972 0.00259376721495006 0.542135387317384 0.047356830796075666 22.4 0.7522863991167604
31.8 0.005032247409071567 0.15516816637927972 0.00259376721495006 0.542135387317384 0.047356830796075666 22.4 0.7522863991167604
31.900000000000002 0.005032247409071567 0.15516816637927972 0.00259376721495006 0.542135387317384 0.047356830796075666 22.4 0.7522863991167604
32.0 0.005032247409071567 0.15516816637927972 0.00259376721495006 0.542135387317384 0.047356830796075666 22.4 0.7522863991167604
32.1 0.005032247409071567 0.15516816637927972 0.00259376721495006 0.542135387317384 0.047356830796075666 22.4 0.7522863991167604
32.2 0.005032247409071567 0.15516816637927972 0.00259376721495006 0.542135387317384 0.047356830796075666 22.4 0.7522863991167604
32.300000000000004 0.005032247409071567 0.15516816637927972 0.00259376721495006 0.542135387317384 0.047356830796075666 22.4 0.7522863991167604
32.4 0.005032247409071567 0.15516816637927972 0.00259376721495006 0.542135387317384 0.047356830796075666 22.4 0.7522863991167604
32.5 0.005032247409071567 0.15516816637927972 0.00259376721495006 0.542135387317384 0.047356830796075666 22.4 0.7522863991167604
32.6 0.005032247409071567 0.15516816637927972 0.00259376721495006 0.542135387317384 0.047356830796075666 22.4 0.7522863991167604
32.7 0.005032247409071567 0.15516816637927972 0.00259376721495006 0.5441519937714874 0.047356830796075666 22.5 0.7543030055708638
32.800000000000004 0.005032247409071567 0.15516816637927972 0.00259376721495006 0.5441519937714874 0.047356830796075666 22.5 0.7543030055708638
32.9 0.005032247409071567 0.15516816637927972 0.00259376721495006 0.5441519937714874 0.047356830796075666 22.5 0.7543030055708638
33.0 0.005032247409071567 0.15516816637927972 0.00259376721495006 0.5441519937714874 0.047356830796075666 22.5 0.7543030055708638
33.1 0.005032247409071567 0.15516816637927972 0.00259376721495006 0.5441519937714874 0.047356830796075666 22.5 0.7543030055708638
33.2 0.005032247409071567 0.15516816637927972 0.00259376721495006 0.5458066131855448 0.047356830796075666 22.6 0.7559576249849213
33.300000000000004 0.005032247409071567 0.15516816637927972 0.00259376721495006 0.5458066131855448 0.047356830796075666 22.6 0.7559576249849213
33.4 0.005032247409071567 0.15516816637927972 0.00259376721495006 0.5458066131855448 0.047356830796075666 22.6 0.7559576249849213
33.5 0.005032247409071567 0.15516816637927972 0.00259376721495006 0.5458066131855448 0.047356830796075666 22.6 0.7559576249849213
33.6 0.005032247409071567 0.15516816637927972 0.00259376721495006 0.5458066131855448 0.047356830796075666 22.6 0.7559576249849213
33.7 0.005032247409071567 0.15516816637927972 0.00259376721495006 0.5458066131855448 0.047356830796075666 22.6 0.7559576249849213
33.800000000000004 0.005032247409071567 0.15516816637927972 0.00259376721495006 0.5458066131855448 0.047356830796075666 22.6 0.7559576249849213
33.9 0.005032247409071567 0.15516816637927972 0.00259376721495006 0.5458066131855448 0.047356830796075666 22.6 0.7559576249849213
34.0 0.005032247409071567 0.15516816637927972 0.00259376721495006 0.5458066131855448 0.047356830796075666 22.6 0.7559576249849213
34.1 0.005032247409071567 0.15516816637927972 0.00259376721495006 0.5458066131855448 0.047356830796075666 22.6 0.7559576249849213
34.2 0.005032247409071567 0.15516816637927972 0.00259376721495006 0.5458066131855448 0.047356830796075666 22.6 0.7559576249849213
34.300000000000004 0.005032247409071567 0.15516816637927972 0.00259376721495006 0.5458066131855448 0.047356830796075666 22.6 0.7559576249849213
34.4 0.005032247409071567 0.15516816637927972 0.00259376721495006 0.5458066131855448 0.047356830796075666 22.6 0.7559576249849213
34.5 0.005032247409071567 0.15516816637927972 0.00259376721495006 0.5458066131855448 0.047356830796075666 22.6 0.7559576249849213
34.6 0.005032247409071567 0.15516816637927972 0.00259376721495006 0.5458066131855448 0.047356830796075666 22.6 0.7559576249849213
34.7 0.005032247409071567 0.15516816637927972 0.00259376721495006 0.5458066131855448 0.047356830796075666 22.6 0.7559576249849213
34.800000000000004 0.005032247409071567 0.15516816637927972 0.00259376721495006 0.5458066131855448 0.047356830796075666 22.6 0.7559576249849213
34.9 0.005032247409071567 0.15516816637927972 0.00259376721495006 0.5458066131855448 0.047356830796075666 22.6 0.7559576249849213
35.0 0.005032247409071567 0.15516816637927972 0.00259376721495006 0.5458066131855448 0.047356830796075666 22.6 0.7559576249849213
35.1 0.005032247409071567 0.15516816637927972 0.00259376721495006 0.5458066131855448 0.047356830796075666 22.6 0.7559576249849213
35.2 0.005032247409071567 0.15516816637927972 0.00259376721495006 0.5458066131855448 0.047356830796075666 22.6 0.7559576249849213
35.300000000000004 0.005032247409071567 0.15516816637927972 0.00259376721495006 0.5458066131855448 0.047356830796075666 22.6 0.7559576249849213
35.4 0.005032247409071567 0.15516816637927972 0.00259376721495006 0.5458066131855448 0.047356830796075666 22.6 0.7559576249849213
35.5 0.005032247409071567 0.15516816637927972 0.00259376721495006 0.5458066131855448 0.047356830796075666 22.6 0.7559576249849213
35.6 0.005032247409071567 0.15516816637927972 0.00259376721495006 0.5458066131855448 0.047356830796075666 22.6 0.7559576249849213
35.7 0.005032247409071567 0.15516816637927972 0.00259376721495006 0.5458066131855448 0.047356830796075666 22.6 0.7559576249849213
35.800000000000004 0.005032247409071567 0.15516816637927972 0.00259376721495006 0.5458066131855448 0.047356830796075666 22.6 0.7559576249849213
35.9 0.005032247409071567 0.15516816637927972 0.00259376721495006 0.5458066131855448 0.047356830796075666 22.6 0.7559576249849213
36.0 0.005032247409071567 0.15516816637927972 0.00259376721495006 0.5458066131855448 0.047356830796075666 22.6 0.7559576249849213
36.1 0.005032247409071567 0.15516816637927972 0.00259376721495006 0.5458066131855448 0.047356830796075666 22.6 0.7559576249849213
36.2 0.005032247409071567 0.15516816637927972 0.00259376721495006 0.5458066131855448 0.047356830796075666 22.6 0.7559576249849213
36.300000000000004 0.005032247409071567 0.15278911683525437 0.00259376721495006 0.5458066131855448 0.047356830796075666 22.5 0.753578575440896
36.4 0.005032247409071567 0.15278911683525437 0.00259376721495006 0.5458066131855448 0.047356830796075666 22.5 0.753578575440896
36.5 0.005032247409071567 0.15278911683525437 0.00259376721495006 0.5421598033519803 0.047356830796075666 22.4 0.7499317656073317
36.6 0.005032247409071567 0.15278911683525437 0.00259376721495006 0.5421598033519803 0.047356830796075666 22.4 0.7499317656073317
36.7 0.005032247409071567 0.15278911683525437 0.00259376721495006 0.5421598033519803 0.047356830796075666 22.4 0.7499317656073317
36.800000000000004 0.005032247409071567 0.15278911683525437 0.00259376721495006 0.5421598033519803 0.047356830796075666 22.4 0.7499317656073317
36.9 0.005032247409071567 0.15278911683525437 0.00259376721495006 0.5421598033519803 0.042564869418177664 22.3 0.7451398042294337
37.0 0.005032247409071567 0.15278911683525437 0.00259376721495006 0.5421598033519803 0.042564869418177664 22.3 0.7451398042294337
37.1 0.005032247409071567 0.15278911683525437 0.00259376721495006 0.5421598033519803 0.042564869418177664 22.3 0.7451398042294337
37.2 0.005032247409071567 0.15278911683525437 0.00259376721495006 0.5421598033519803 0.042564869418177664 22.3 0.7451398042294337
37.300000000000004 0.005032247409071567 0.15278911683525437 0.00259376721495006 0.5421598033519803 0.042564869418177664 22.3 0.7451398042294337
37.4 0.005032247409071567 0.15278911683525437 0.00259376721495006 0.5421598033519803 0.042564869418177664 22.3 0.7451398042294337
37.5 0.005032247409071567 0.15278911683525437 0.00259376721495006 0.5421598033519803 0.042564869418177664 22.3 0.7451398042294337
37.6 0.005032247409071567 0.15278911683525437 0.00259376721495006 0.5421598033519803 0.042564869418177664 22.3 0.7451398042294337
37.7 0.005032247409071567 0.15278911683525437 0.00259376721495006 0.5421598033519803 0.042564869418177664 22.3 0.7451398042294337
37.800000000000004 0.005032247409071567 0.15278911683525437 0.00259376721495006 0.5421598033519803 0.042564869418177664 22.3 0.7451398042294337
37.9 0.005032247409071567 0.15278911683525437 0.00259376721495006 0.5421598033519803 0.042564869418177664 22.3 0.7451398042294337
38.0 0.005032247409071567 0.15278911683525437 0.00259376721495006 0.5421598033519803 0.042564869418177664 22.3 0.7451398042294337
38.1 0.005032247409071567 0.15278911683525437 0.00259376721495006 0.5421598033519803 0.042564869418177664 22.3 0.7451398042294337
38.2 0.005032247409071567 0.15278911683525437 0.00259376721495006 0.5421598033519803 0.042564869418177664 22.3 0.7451398042294337
38.300000000000004 0.005032247409071567 0.15278911683525437 0.00259376721495006 0.5421598033519803 0.042564869418177664 22.3 0.7451398042294337
38.400000000000006 0.005032247409071567 0.15278911683525437 0.00259376721495006 0.5421598033519803 0.042564869418177664 22.3 0.7451398042294337
38.5 0.005032247409071567 0.15278911683525437 0.00259376721495006 0.5421598033519803 0.042564869418177664 22.3 0.7451398042294337
38.6 0.005032247409071567 0.15278911683525437 0.00259376721495006 0.5421598033519803 0.042564869418177664 22.3 0.7451398042294337
38.7 0.005032247409071567 0.15278911683525437 0.00259376721495006 0.5421598033519803 0.042564869418177664 22.3 0.7451398042294337
38.800000000000004 0.005032247409071567 0.15278911683525437 0.00259376721495006 0.5421598033519803 0.042564869418177664 22.3 0.7451398042294337
38.900000000000006 0.005032247409071567 0.15278911683525437 0.00259376721495006 0.5421598033519803 0.042564869418177664 22.3 0.7451398042294337
39.0 0.005032247409071567 0.15278911683525437 0.00259376721495006 0.5446087262316252 0.042564869418177664 22.4 0.7475887271090785
39.1 0.005032247409071567 0.15278911683525437 0.00259376721495006 0.5446087262316252 0.042564869418177664 22.4 0.7475887271090785
39.2 0.005032247409071567 0.15278911683525437 0.00259376721495006 0.5463727470005645 0.042564869418177664 22.5 0.7493527478780179
39.300000000000004 0.005032247409071567 0.15278911683525437 0.00259376721495006 0.5463727470005645 0.042564869418177664 22.5 0.7493527478780179
39.400000000000006 0.005032247409071567 0.15278911683525437 0.00259376721495006 0.5463727470005645 0.042564869418177664 22.5 0.7493527478780179
39.5 0.005032247409071567 0.15278911683525437 0.00259376721495006 0.5463727470005645 0.042564869418177664 22.5 0.7493527478780179
39.6 0.005032247409071567 0.15278911683525437 0.00259376721495006 0.5463727470005645 0.042564869418177664 22.5 0.7493527478780179
39.7 0.005032247409071567 0.15278911683525437 0.00259376721495006 0.5463727470005645 0.042564869418177664 22.5 0.7493527478780179
39.800000000000004 0.005032247409071567 0.15278911683525437 0.00259376721495006 0.5463727470005645 0.042564869418177664 22.5 0.7493527478780179
39.900000000000006 0.005032247409071567 0.15278911683525437 0.00259376721495006 0.5463727470005645 0.042564869418177664 22.5 0.7493527478780179
40.0 0.005032247409071567 0.15278911683525437 0.00259376721495006 0.5463727470005645 0.042564869418177664 22.5 0.7493527478780179
40.1 0.005032247409071567 0.15278911683525437 0.00259376721495006 0.5463727470005645 0.042564869418177664 22.5 0.7493527478780179
40.2 0.005032247409071567 0.15278911683525437 0.00259376721495006 0.5463727470005645 0.042564869418177664 22.5 0.7493527478780179
40.300000000000004 0.005032247409071567 0.15278911683525437 0.00259376721495006 0.5463727470005645 0.042564869418177664 22.5 0.7493527478780179
40.400000000000006 0.005032247409071567 0.15278911683525437 0.00259376721495006 0.5463727470005645 0.042564869418177664 22.5 0.7493527478780179
40.5 0.005032247409071567 0.15278911683525437 0.00259376721495006 0.5463727470005645 0.042564869418177664 22.5 0.7493527478780179
40.6 0.005032247409071567 0.15278911683525437 0.00259376721495006 0.5463727470005645 0.042564869418177664 22.5 0.7493527478780179
40.7 0.005032247409071567 0.15278911683525437 0.00259376721495006 0.5463727470005645 0.042564869418177664 22.5 0.7493527478780179
40.800000000000004 0.005032247409071567 0.15278911683525437 0.00259376721495006 0.5463727470005645 0.042564869418177664 22.5 0.7493527478780179
40.900000000000006 0.005032247409071567 0.15278911683525437 0.00259376721495006 0.5463727470005645 0.042564869418177664 22.5 0.7493527478780179
41.0 0.005032247409071567 0.15278911683525437 0.00259376721495006 0.5463727470005645 0.042564869418177664 22.5 0.7493527478780179
41.1 0.005032247409071567 0.15278911683525437 0.00259376721495006 0.5463727470005645 0.042564869418177664 22.5 0.7493527478780179
41.2 0.005032247409071567 0.15278911683525437 0.00259376721495006 0.5463727470005645 0.042564869418177664 22.5 0.7493527478780179
41.300000000000004 0.005032247409071567 0.15278911683525437 0.00259376721495006 0.5463727470005645 0.042564869418177664 22.5 0.7493527478780179
41.400000000000006 0.005032247409071567 0.15278911683525437 0.00259376721495006 0.5463727470005645 0.042564869418177664 22.5 0.7493527478780179
41.5 0.005032247409071567 0.15278911683525437 0.00259376721495006 0.5463727470005645 0.042564869418177664 22.5 0.7493527478780179
41.6 0.005032247409071567 0.15278911683525437 0.00259376721495006 0.5463727470005645 0.042564869418177664 22.5 0.7493527478780179
41.7 0.005032247409071567 0.15278911683525437 0.00259376721495006 0.5463727470005645 0.042564869418177664 22.5 0.7493527478780179
41.800000000000004 0.005032247409071567 0.15278911683525437 0.00259376721495006 0.5463727470005645 0.042564869418177664 22.5 0.7493527478780179
41.900000000000006 0.005032247409071567 0.15278911683525437 0.00259376721495006 0.5463727470005645 0.042564869418177664 22.5 0.7493527478780179
42.0 0.005032247409071567 0.1550366708462856 0.00259376721495006 0.5463727470005645 0.042564869418177664 22.6 0.751600301889049
42.1 0.005032247409071567 0.1550366708462856 0.00259376721495006 0.5463727470005645 0.042564869418177664 22.6 0.751600301889049
42.2 0.005032247409071567 0.1550366708462856 0.00259376721495006 0.5463727470005645 0.042564869418177664 22.6 0.751600301889049
42.300000000000004 0.005032247409071567 0.1550366708462856 0.00259376721495006 0.5463727470005645 0.042564869418177664 22.6 0.751600301889049
42.400000000000006 0.002618561429401661 0.1550366708462856 0.00259376721495006 0.5463727470005645 0.042564869418177664 22.5 0.7491866159093791
42.5 0.002618561429401661 0.1550366708462856 0.00259376721495006 0.5463727470005645 0.042564869418177664 22.5 0.7491866159093791
42.6 0.002618561429401661 0.1550366708462856 0.00259376721495006 0.5463727470005645 0.042564869418177664 22.5 0.7491866159093791
42.7 0.002618561429401661 0.1550366708462856 0.00259376721495006 0.5463727470005645 0.042564869418177664 22.5 0.7491866159093791
42.800000000000004 0.002618561429401661 0.1550366708462856 0.00259376721495006 0.5463727470005645 0.042564869418177664 22.5 0.7491866159093791
42.900000000000006 0.002618561429401661 0.1550366708462856 0.00259376721495006 0.5463727470005645 0.042564869418177664 22.5 0.7491866159093791
43.0 0.002618561429401661 0.1550366708462856 0.00259376721495006 0.5463727470005645 0.042564869418177664 22.5 0.7491866159093791
43.1 0.002618561429401661 0.1550366708462856 0.00259376721495006 0.5463727470005645 0.042564869418177664 22.5 0.7491866159093791
43.2 0.002618561429401661 0.1550366708462856 0.00259376721495006 0.5463727470005645 0.042564869418177664 22.5 0.7491866159093791
43.300000000000004 0.002618561429401661 0.1550366708462856 0.00259376721495006 0.5463727470005645 0.042564869418177664 22.5 0.7491866159093791
43.400000000000006 0.002618561429401661 0.1550366708462856 0.00259376721495006 0.5463727470005645 0.042564869418177664 22.5 0.7491866159093791
43.5 0.002618561429401661 0.1550366708462856 0.00259376721495006 0.5463727470005645 0.042564869418177664 22.5 0.7491866159093791
43.6 0.002618561429401661 0.1550366708462856 0.00259376721495006 0.5463727470005645 0.042564869418177664 22.5 0.7491866159093791
43.7 0.002618561429401661 0.1550366708462856 0.00259376721495006 0.5463727470005645 0.042564869418177664 22.5 0.7491866159093791
43.800000000000004 0.002618561429401661 0.1550366708462856 0.00259376721495006 0.5463727470005645 0.042564869418177664 22.5 0.7491866159093791
43.900000000000006 0.002618561429401661 0.1550366708462856 0.00259376721495006 0.5463727470005645 0.042564869418177664 22.5 0.7491866159093791
44.0 0.002618561429401661 0.1550366708462856 0.00259376721495006 0.5463727470005645 0.042564869418177664 22.5 0.7491866159093791
44.1 0.002618561429401661 0.1550366708462856 0.00259376721495006 0.5463727470005645 0.042564869418177664 22.5 0.7491866159093791
44.2 0.002618561429401661 0.15798615185232448 0.00259376721495006 0.5463727470005645 0.042564869418177664 22.6 0.7521360969154179
44.300000000000004 0.002618561429401661 0.15798615185232448 0.00259376721495006 0.5463727470005645 0.042564869418177664 22.6 0.7521360969154179
44.400000000000006 0.002618561429401661 0.15798615185232448 0.00259376721495006 0.5463727470005645 0.042564869418177664 22.6 0.7521360969154179
44.5 0.002618561429401661 0.15798615185232448 0.00259376721495006 0.5463727470005645 0.042564869418177664 22.6 0.7521360969154179
44.6 0.002618561429401661 0.15798615185232448 0.00259376721495006 0.5463727470005645 0.042564869418177664 22.6 0.7521360969154179
44.7 0.002618561429401661 0.15798615185232448 0.00259376721495006 0.5463727470005645 0.042564869418177664 22.6 0.7521360969154179
44.800000000000004 0.002618561429401661 0.15798615185232448 0.00259376721495006 0.5463727470005645 0.042564869418177664 22.6 0.7521360969154179
44.900000000000006 0.002618561429401661 0.15798615185232448 0.00259376721495006 0.5463727470005645 0.042564869418177664 22.6 0.7521360969154179
45.0 0.002618561429401661 0.15798615185232448 0.00259376721495006 0.5463727470005645 0.042564869418177664 22.6 0.7521360969154179
45.1 0.002618561429401661 0.15798615185232448 0.00259376721495006 0.5463727470005645 0.042564869418177664 22.6 0.7521360969154179
45.2 0.002618561429401661 0.15798615185232448 0.00259376721495006 0.5463727470005645 0.042564869418177664 22.6 0.7521360969154179
45.300000000000004 0.002618561429401661 0.15798615185232448 0.00259376721495006 0.5463727470005645 0.042564869418177664 22.6 0.7521360969154179
45.400000000000006 0.002618561429401661 0.15798615185232448 0.00259376721495006 0.5463727470005645 0.042564869418177664 22.6 0.7521360969154179
45.5 0.002618561429401661 0.15798615185232448 0.00259376721495006 0.5463727470005645 0.042564869418177664 22.6 0.7521360969154179
45.6 0.002618561429401661 0.15798615185232448 0.00259376721495006 0.5463727470005645 0.042564869418177664 22.6 0.7521360969154179
45.7 0.002618561429401661 0.15798615185232448 0.00259376721495006 0.5463727470005645 0.042564869418177664 22.6 0.7521360969154179
45.800000000000004 0.002618561429401661 0.15798615185232448 0.00259376721495006 0.5463727470005645 0.042564869418177664 22.6 0.7521360969154179
45.900000000000006 0.002618561429401661 0.15798615185232448 0.00259376721495006 0.5463727470005645 0.042564869418177664 22.6 0.7521360969154179
46.0 0.002618561429401661 0.15798615185232448 0.00259376721495006 0.5463727470005645 0.042564869418177664 22.6 0.7521360969154179
46.1 0.002618561429401661 0.15798615185232448 0.00259376721495006 0.5463727470005645 0.042564869418177664 22.6 0.7521360969154179
46.2 0.002618561429401661 0.15798615185232448 0.00259376721495006 0.5463727470005645 0.042564869418177664 22.6 0.7521360969154179
46.300000000000004 0.002618561429401661 0.15798615185232448 0.00259376721495006 0.5463727470005645 0.042564869418177664 22.6 0.7521360969154179
46.400000000000006 0.002618561429401661 0.15798615185232448 0.00259376721495006 0.5463727470005645 0.042564869418177664 22.6 0.7521360969154179
46.5 0.002618561429401661 0.15798615185232448 0.00259376721495006 0.5463727470005645 0.042564869418177664 22.6 0.7521360969154179
46.6 0.002618561429401661 0.15798615185232448 0.00259376721495006 0.5463727470005645 0.042564869418177664 22.6 0.7521360969154179
46.7 0.002618561429401661 0.15798615185232448 0.00259376721495006 0.5463727470005645 0.042564869418177664 22.6 0.7521360969154179
46.800000000000004 0.002618561429401661 0.15798615185232448 0.00259376721495006 0.5463727470005645 0.042564869418177664 22.6 0.7521360969154179
46.900000000000006 0.002618561429401661 0.15798615185232448 0.00259376721495006 0.5463727470005645 0.042564869418177664 22.6 0.7521360969154179
47.0 0.002618561429401661 0.15798615185232448 0.00259376721495006 0.5463727470005645 0.042564869418177664 22.6 0.7521360969154179
47.1 0.002618561429401661 0.15798615185232448 0.00259376721495006 0.5463727470005645 0.042564869418177664 22.6 0.7521360969154179
47.2 0.002618561429401661 0.15798615185232448 0.00259376721495006 0.5463727470005645 0.042564869418177664 22.6 0.7521360969154179
47.300000000000004 0.002618561429401661 0.15798615185232448 0.00259376721495006 0.5463727470005645 0.042564869418177664 22.6 0.7521360969154179
47.400000000000006 0.002618561429401661 0.15798615185232448 0.00259376721495006 0.5463727470005645 0.042564869418177664 22.6 0.7521360969154179
47.5 0.002618561429401661 0.15798615185232448 0.00259376721495006 0.5463727470005645 0.042564869418177664 22.6 0.7521360969154179
47.6 0.002618561429401661 0.15798615185232448 0.00259376721495006 0.5463727470005645 0.042564869418177664 22.6 0.7521360969154179
47.7 0.002618561429401661 0.15798615185232448 0.00259376721495006 0.5463727470005645 0.042564869418177664 22.6 0.7521360969154179
47.800000000000004 0.002618561429401661 0.15798615185232448 0.00259376721495006 0.5463727470005645 0.042564869418177664 22.6 0.7521360969154179
47.900000000000006 0.002618561429401661 0.1597614877685674 0.00259376721495006 0.5463727470005645 0.042564869418177664 22.7 0.753911432831661
48.0 0.002618561429401661 0.1597614877685674 0.00259376721495006 0.5463727470005645 0.042564869418177664 22.7 0.753911432831661
48.1 0.002618561429401661 0.1597614877685674 0.00259376721495006 0.5463727470005645 0.042564869418177664 22.7 0.753911432831661
48.2 0.002618561429401661 0.1597614877685674 0.00259376721495006 0.5463727470005645 0.042564869418177664 22.7 0.753911432831661
48.300000000000004 0.002618561429401661 0.1597614877685674 0.00259376721495006 0.5463727470005645 0.042564869418177664 22.7 0.753911432831661
48.400000000000006 0.002618561429401661 0.1597614877685674 0.00259376721495006 0.5463727470005645 0.042564869418177664 22.7 0.753911432831661
48.5 0.002618561429401661 0.1597614877685674 0.00259376721495006 0.5463727470005645 0.042564869418177664 22.7 0.753911432831661
48.6 0.002618561429401661 0.1597614877685674 0.00259376721495006 0.5463727470005645 0.042564869418177664 22.7 0.753911432831661
48.7 0.002618561429401661 0.1597614877685674 0.00259376721495006 0.5463727470005645 0.042564869418177664 22.7 0.753911432831661
48.800000000000004 0.002618561429401661 0.1597614877685674 0.00259376721495006 0.5463727470005645 0.042564869418177664 22.7 0.753911432831661
48.900000000000006 0.002618561429401661 0.1597614877685674 0.00259376721495006 0.5463727470005645 0.042564869418177664 22.7 0.753911432831661
49.0 0.002618561429401661 0.1597614877685674 0.00259376721495006 0.5463727470005645 0.042564869418177664 22.7 0.753911432831661
49.1 0.002618561429401661 0.1597614877685674 0.00259376721495006 0.5463727470005645 0.042564869418177664 22.7 0.753911432831661
49.2 0.002618561429401661 0.1597614877685674 0.00259376721495006 0.5463727470005645 0.042564869418177664 22.7 0.753911432831661
49.300000000000004 0.002618561429401661 0.1597614877685674 0.00259376721495006 0.5463727470005645 0.042564869418177664 22.7 0.753911432831661
49.400000000000006 0.002618561429401661 0.1597614877685674 0.00259376721495006 0.5463727470005645 0.042564869418177664 22.7 0.753911432831661
49.5 0.002618561429401661 0.1597614877685674 0.00259376721495006 0.5463727470005645 0.042564869418177664 22.7 0.753911432831661
49.6 0.002618561429401661 0.1597614877685674 0.00259376721495006 0.5463727470005645 0.042564869418177664 22.7 0.753911432831661
49.7 0.002618561429401661 0.1597614877685674 0.00259376721495006 0.5463727470005645 0.042564869418177664 22.7 0.753911432831661
49.800000000000004 0.002618561429401661 0.1597614877685674 0.00259376721495006 0.5463727470005645 0.042564869418177664 22.7 0.753911432831661
49.900000000000006 0.002618561429401661 0.1597614877685674 0.00259376721495006 0.5463727470005645 0.042564869418177664 22.7 0.753911432831661
50.0 0.002618561429401661 0.1597614877685674 0.00259376721495006 0.5463727470005645 0.042564869418177664 22.7 0.753911432831661
50.1 0.002618561429401661 0.1597614877685674 0.00259376721495006 0.5463727470005645 0.042564869418177664 22.7 0.753911432831661
50.2 0.002618561429401661 0.1597614877685674 0.00259376721495006 0.5463727470005645 0.042564869418177664 22.7 0.753911432831661
50.300000000000004 0.002618561429401661 0.1597614877685674 0.00259376721495006 0.5463727470005645 0.042564869418177664 22.7 0.753911432831661
50.400000000000006 0.002618561429401661 0.1597614877685674 0.00259376721495006 0.5463727470005645 0.042564869418177664 22.7 0.753911432831661
50.5 0.002618561429401661 0.1597614877685674 0.00259376721495006 0.5463727470005645 0.042564869418177664 22.7 0.753911432831661
50.6 0.002618561429401661 0.1597614877685674 0.00259376721495006 0.5463727470005645 0.042564869418177664 22.7 0.753911432831661
50.7 0.002618561429401661 0.1597614877685674 0.00259376721495006 0.5463727470005645 0.042564869418177664 22.7 0.753911432831661
50.800000000000004 0.002618561429401661 0.1597614877685674 0.00259376721495006 0.5463727470005645 0.042564869418177664 22.7 0.753911432831661
50.900000000000006 0.002618561429401661 0.1597614877685674 0.00259376721495006 0.5463727470005645 0.042564869418177664 22.7 0.753911432831661
51.0 0.002618561429401661 0.1597614877685674 0.00259376721495006 0.5463727470005645 0.042564869418177664 22.7 0.753911432831661
51.1 0.002618561429401661 0.1597614877685674 0.00259376721495006 0.5463727470005645 0.042564869418177664 22.7 0.753911432831661
51.2 0.002618561429401661 0.1597614877685674 0.00259376721495006 0.5463727470005645 0.042564869418177664 22.7 0.753911432831661
51.300000000000004 0.002618561429401661 0.1597614877685674 0.00259376721495006 0.5463727470005645 0.042564869418177664 22.7 0.753911432831661
51.400000000000006 0.002618561429401661 0.1597614877685674 0.00259376721495006 0.5463727470005645 0.042564869418177664 22.7 0.753911432831661
51.5 0.002618561429401661 0.1597614877685674 0.00259376721495006 0.5463727470005645 0.042564869418177664 22.7 0.753911432831661
51.6 0.002618561429401661 0.1597614877685674 0.00259376721495006 0.5463727470005645 0.042564869418177664 22.7 0.753911432831661
51.7 0.002618561429401661 0.1597614877685674 0.00259376721495006 0.5463727470005645 0.042564869418177664 22.7 0.753911432831661
51.800000000000004 0.002618561429401661 0.1597614877685674 0.00259376721495006 0.5463727470005645 0.042564869418177664 22.7 0.753911432831661
51.900000000000006 0.002618561429401661 0.1597614877685674 0.00259376721495006 0.5463727470005645 0.042564869418177664 22.7 0.753911432831661
52.0 0.002618561429401661 0.1597614877685674 0.00259376721495006 0.5463727470005645 0.042564869418177664 22.7 0.753911432831661
52.1 0.002618561429401661 0.1597614877685674 0.00259376721495006 0.5463727470005645 0.042564869418177664 22.7 0.753911432831661
52.2 0.002618561429401661 0.1597614877685674 0.00259376721495006 0.5463727470005645 0.042564869418177664 22.7 0.753911432831661
52.300000000000004 0.002618561429401661 0.1597614877685674 0.00259376721495006 0.5463727470005645 0.042564869418177664 22.7 0.753911432831661
52.400000000000006 0.002618561429401661 0.1597614877685674 0.00259376721495006 0.5463727470005645 0.042564869418177664 22.7 0.753911432831661
52.5 0.002618561429401661 0.1597614877685674 0.00259376721495006 0.5463727470005645 0.042564869418177664 22.7 0.753911432831661
52.6 0.002618561429401661 0.1597614877685674 0.00259376721495006 0.5463727470005645 0.042564869418177664 22.7 0.753911432831661
52.7 0.002618561429401661 0.1597614877685674 0.00259376721495006 0.5463727470005645 0.042564869418177664 22.7 0.753911432831661
52.800000000000004 0.002618561429401661 0.1597614877685674 0.00259376721495006 0.5463727470005645 0.042564869418177664 22.7 0.753911432831661
52.900000000000006 0.002618561429401661 0.1597614877685674 0.00259376721495006 0.5463727470005645 0.042564869418177664 22.7 0.753911432831661
53.0 0.002618561429401661 0.1597614877685674 0.00259376721495006 0.5463727470005645 0.042564869418177664 22.7 0.753911432831661
53.1 0.002618561429401661 0.1597614877685674 0.00259376721495006 0.5463727470005645 0.042564869418177664 22.7 0.753911432831661
53.2 0.002618561429401661 0.1597614877685674 0.00259376721495006 0.5463727470005645 0.042564869418177664 22.7 0.753911432831661
53.300000000000004 0.002618561429401661 0.1597614877685674 0.00259376721495006 0.5463727470005645 0.042564869418177664 22.7 0.753911432831661
53.400000000000006 0.002618561429401661 0.1597614877685674 0.00259376721495006 0.5463727470005645 0.042564869418177664 22.7 0.753911432831661
53.5 0.002618561429401661 0.1597614877685674 0.00259376721495006 0.5463727470005645 0.042564869418177664 22.7 0.753911432831661
53.6 0.002618561429401661 0.1597614877685674 0.00259376721495006 0.5463727470005645 0.042564869418177664 22.7 0.753911432831661
53.7 0.002618561429401661 0.1597614877685674 0.00259376721495006 0.5463727470005645 0.042564869418177664 22.7 0.753911432831661
53.800000000000004 0.002618561429401661 0.1597614877685674 0.00259376721495006 0.5463727470005645 0.042564869418177664 22.7 0.753911432831661
53.900000000000006 0.002618561429401661 0.1597614877685674 0.00259376721495006 0.5463727470005645 0.042564869418177664 22.7 0.753911432831661
54.0 0.002618561429401661 0.1597614877685674 0.00259376721495006 0.5463727470005645 0.042564869418177664 22.7 0.753911432831661
54.1 0.002618561429401661 0.1597614877685674 0.00259376721495006 0.5463727470005645 0.042564869418177664 22.7 0.753911432831661
54.2 0.002618561429401661 0.1597614877685674 0.00259376721495006 0.5463727470005645 0.042564869418177664 22.7 0.753911432831661
54.300000000000004 0.002618561429401661 0.1597614877685674 0.00259376721495006 0.5463727470005645 0.042564869418177664 22.7 0.753911432831661
54.400000000000006 0.002618561429401661 0.1597614877685674 0.00259376721495006 0.5463727470005645 0.042564869418177664 22.7 0.753911432831661
54.5 0.002618561429401661 0.1597614877685674 0.00259376721495006 0.5463727470005645 0.042564869418177664 22.7 0.753911432831661
54.6 0.002618561429401661 0.1597614877685674 0.00259376721495006 0.5463727470005645 0.042564869418177664 22.7 0.753911432831661
54.7 0.002618561429401661 0.1597614877685674 0.00259376721495006 0.5463727470005645 0.042564869418177664 22.7 0.753911432831661
54.800000000000004 0.002618561429401661 0.1597614877685674 0.00259376721495006 0.5463727470005645 0.042564869418177664 22.7 0.753911432831661
54.900000000000006 0.002618561429401661 0.1597614877685674 0.00259376721495006 0.5463727470005645 0.042564869418177664 22.7 0.753911432831661
55.0 0.002618561429401661 0.1597614877685674 0.00259376721495006 0.5463727470005645 0.042564869418177664 22.7 0.753911432831661
55.1 0.002618561429401661 0.1597614877685674 0.00259376721495006 0.5463727470005645 0.042564869418177664 22.7 0.753911432831661
55.2 0.002618561429401661 0.1597614877685674 0.00259376721495006 0.5463727470005645 0.042564869418177664 22.7 0.753911432831661
55.300000000000004 0.002618561429401661 0.1597614877685674 0.00259376721495006 0.5463727470005645 0.042564869418177664 22.7 0.753911432831661
55.400000000000006 0.002618561429401661 0.1597614877685674 0.00259376721495006 0.5463727470005645 0.042564869418177664 22.7 0.753911432831661
55.5 0.002618561429401661 0.1597614877685674 0.00259376721495006 0.5463727470005645 0.042564869418177664 22.7 0.753911432831661
55.6 0.002618561429401661 0.1597614877685674 0.00259376721495006 0.5463727470005645 0.042564869418177664 22.7 0.753911432831661
55.7 0.002618561429401661 0.1597614877685674 0.00259376721495006 0.5463727470005645 0.042564869418177664 22.7 0.753911432831661
55.800000000000004 0.002618561429401661 0.1597614877685674 0.00259376721495006 0.5463727470005645 0.042564869418177664 22.7 0.753911432831661
55.900000000000006 0.002618561429401661 0.1597614877685674 0.00259376721495006 0.5463727470005645 0.042564869418177664 22.7 0.753911432831661
56.0 0.002618561429401661 0.15721560896599188 0.00259376721495006 0.5463727470005645 0.042564869418177664 22.6 0.7513655540290853
56.1 0.002618561429401661 0.15721560896599188 0.00259376721495006 0.5463727470005645 0.042564869418177664 22.6 0.7513655540290853
56.2 0.002618561429401661 0.15721560896599188 0.00259376721495006 0.5463727470005645 0.042564869418177664 22.6 0.7513655540290853
56.300000000000004 0.002618561429401661 0.15721560896599188 0.00259376721495006 0.5463727470005645 0.042564869418177664 22.6 0.7513655540290853
56.400000000000006 0.002618561429401661 0.15721560896599188 0.00259376721495006 0.5463727470005645 0.042564869418177664 22.6 0.7513655540290853
56.5 0.002618561429401661 0.15721560896599188 0.00259376721495006 0.5463727470005645 0.042564869418177664 22.6 0.7513655540290853
56.6 0.002618561429401661 0.15721560896599188 0.00259376721495006 0.5463727470005645 0.042564869418177664 22.6 0.7513655540290853
56.7 0.002618561429401661 0.15721560896599188 0.00259376721495006 0.5463727470005645 0.042564869418177664 22.6 0.7513655540290853
56.800000000000004 0.002618561429401661 0.15721560896599188 0.00259376721495006 0.5463727470005645 0.042564869418177664 22.6 0.7513655540290853
56.900000000000006 0.002618561429401661 0.15721560896599188 0.00259376721495006 0.5463727470005645 0.042564869418177664 22.6 0.7513655540290853
57.0 0.002618561429401661 0.15721560896599188 0.00259376721495006 0.5463727470005645 0.042564869418177664 22.6 0.7513655540290853
57.1 0.002618561429401661 0.15721560896599188 0.00259376721495006 0.5463727470005645 0.042564869418177664 22.6 0.7513655540290853
57.2 0.002618561429401661 0.15721560896599188 0.00259376721495006 0.5463727470005645 0.042564869418177664 22.6 0.7513655540290853
57.300000000000004 0.002618561429401661 0.15721560896599188 0.00259376721495006 0.5463727470005645 0.042564869418177664 22.6 0.7513655540290853
57.400000000000006 0.002618561429401661 0.15721560896599188 0.00259376721495006 0.5463727470005645 0.042564869418177664 22.6 0.7513655540290853
57.5 0.002618561429401661 0.15721560896599188 0.00259376721495006 0.5481524411058706 0.042564869418177664 22.7 0.7531452481343914
57.6 0.002618561429401661 0.15721560896599188 0.00259376721495006 0.5481524411058706 0.042564869418177664 22.7 0.7531452481343914
57.7 0.002618561429401661 0.15721560896599188 0.00259376721495006 0.5481524411058706 0.042564869418177664 22.7 0.7531452481343914
57.800000000000004 0.002618561429401661 0.15721560896599188 0.00259376721495006 0.5481524411058706 0.042564869418177664 22.7 0.7531452481343914
57.900000000000006 0.002618561429401661 0.15721560896599188 0.00259376721495006 0.5481524411058706 0.042564869418177664 22.7 0.7531452481343914
58.0 0.002618561429401661 0.15721560896599188 0.00259376721495006 0.5481524411058706 0.042564869418177664 22.7 0.7531452481343914
58.1 0.002618561429401661 0.15721560896599188 0.00259376721495006 0.5481524411058706 0.042564869418177664 22.7 0.7531452481343914
58.2 0.002618561429401661 0.15721560896599188 0.00259376721495006 0.5481524411058706 0.042564869418177664 22.7 0.7531452481343914
58.300000000000004 0.002618561429401661 0.15721560896599188 0.00259376721495006 0.5481524411058706 0.042564869418177664 22.7 0.7531452481343914
58.400000000000006 0.002618561429401661 0.15721560896599188 0.00259376721495006 0.5481524411058706 0.042564869418177664 22.7 0.7531452481343914
58.5 0.002618561429401661 0.15721560896599188 0.00259376721495006 0.5481524411058706 0.042564869418177664 22.7 0.7531452481343914
58.6 0.002618561429401661 0.15721560896599188 0.00259376721495006 0.5481524411058706 0.042564869418177664 22.7 0.7531452481343914
58.7 0.002618561429401661 0.15721560896599188 0.00259376721495006 0.5481524411058706 0.042564869418177664 22.7 0.7531452481343914
58.800000000000004 0.002618561429401661 0.15721560896599188 0.00259376721495006 0.5481524411058706 0.042564869418177664 22.7 0.7531452481343914
58.900000000000006 0.002618561429401661 0.15721560896599188 0.00259376721495006 0.5481524411058706 0.042564869418177664 22.7 0.7531452481343914
59.0 0.002618561429401661 0.15721560896599188 0.00259376721495006 0.5481524411058706 0.042564869418177664 22.7 0.7531452481343914
59.1 0.002618561429401661 0.15721560896599188 0.00259376721495006 0.5481524411058706 0.042564869418177664 22.7 0.7531452481343914
59.2 0.002618561429401661 0.15721560896599188 0.00259376721495006 0.5481524411058706 0.042564869418177664 22.7 0.7531452481343914
59.300000000000004 0.002618561429401661 0.15721560896599188 0.00259376721495006 0.5481524411058706 0.042564869418177664 22.7 0.7531452481343914
59.400000000000006 0.002618561429401661 0.15721560896599188 0.00259376721495006 0.5481524411058706 0.042564869418177664 22.7 0.7531452481343914
59.5 0.002618561429401661 0.15721560896599188 0.00259376721495006 0.5481524411058706 0.042564869418177664 22.7 0.7531452481343914
59.6 0.002618561429401661 0.15721560896599188 0.00259376721495006 0.5481524411058706 0.042564869418177664 22.7 0.7531452481343914
59.7 0.002618561429401661 0.15721560896599188 0.00259376721495006 0.5481524411058706 0.042564869418177664 22.7 0.7531452481343914
59.800000000000004 0.002618561429401661 0.15721560896599188 0.00259376721495006 0.5481524411058706 0.042564869418177664 22.7 0.7531452481343914
59.900000000000006 0.002618561429401661 0.15721560896599188 0.00259376721495006 0.5481524411058706 0.042564869418177664 22.7 0.7531452481343914
60.0 0.002618561429401661 0.15721560896599188 0.00259376721495006 0.5481524411058706 0.042564869418177664 22.7 0.7531452481343914
