t/s,1AO6-P1,2A73-P2,3GHG-P3,3K2S-P4,1HZH-P5,total,total_coverage
0.0 0.0 0.0 0.0 0.0 0.0 0.0 0.0
0.1 0.8 1.5 0.3 5.0 1.1 8.7 0.36666773626831467
0.2 0.6 2.1 0.2 6.8 1.5 11.2 0.46586339082772854
0.30000000000000004 0.6 2.1 0.0 8.2 1.1 12.0 0.47649217081187556
0.4 0.7 2.8 0.1 8.6 1.3 13.5 0.5413692497096008
0.5 0.8 2.6 0.1 8.4 1.3 13.2 0.5357713086431634
0.6000000000000001 0.6 2.7 0.1 8.6 1.3 13.3 0.5347679746664789
0.7000000000000001 0.6 2.8 0.1 9.0 1.2 13.7 0.5537706348352079
0.8 0.4 3.0 0.1 9.4 1.3 14.2 0.5688631758841713
0.9 0.4 3.0 0.2 9.9 1.2 14.7 0.578083265004508
1.0 0.4 3.0 0.2 10.2 1.3 15.1 0.5875471677814803
1.1 0.4 2.9 0.2 10.8 1.1 15.4 0.5962400929871564
1.2000000000000002 0.5 3.3 0.2 10.9 1.1 16.0 0.6039838073566419
1.3 0.5 3.4 0.2 10.8 1.3 16.2 0.610610825851508
1.4000000000000001 0.7 3.4 0.2 11.1 1.3 16.7 0.6330051708157018
1.5 0.8 3.5 0.2 11.2 1.4 17.1 0.6472116418658058
1.6 0.8 3.6 0.2 11.5 1.2 17.3 0.6522861493790317
1.7000000000000002 0.8 3.6 0.2 11.4 1.2 17.2 0.6477155606261167
1.8 0.8 3.6 0.2 11.5 1.3 17.4 0.6541908996981225
1.9000000000000001 0.8 3.7 0.2 11.6 1.3 17.6 0.6593497805963746
2.0 0.8 3.9 0.2 11.5 1.3 17.7 0.6625681844588356
2.1 0.7 3.8 0.2 11.6 1.4 17.7 0.6628844088667661
2.2 0.7 3.8 0.2 11.6 1.4 17.7 0.6628844088667661
2.3000000000000003 0.7 3.8 0.2 11.6 1.4 17.7 0.6614460042444699
2.4000000000000004 0.7 4.1 0.2 11.6 1.3 17.9 0.6664169219013122
2.5 0.7 4.0 0.2 11.6 1.4 17.9 0.6622213435920365
2.6 0.7 4.1 0.2 11.8 1.4 18.2 0.6702416061028711
2.7 0.7 4.2 0.2 11.8 1.3 18.2 0.6713118601556396
2.8000000000000003 0.8 4.2 0.2 12.0 1.2 18.4 0.6763429883294058
2.9000000000000004 0.8 4.3 0.1 12.3 1.3 18.8 0.6803859790899505
3.0 0.8 4.2 0.1 12.5 1.4 19.0 0.681433871318385
3.1 0.8 4.0 0.1 12.6 1.4 18.9 0.6715613410130225
3.2 0.9 4.0 0.1 12.9 1.5 19.4 0.6877357329832299
3.3000000000000003 0.7 4.3 0.1 12.9 1.5 19.5 0.6893775231174426
3.4000000000000004 0.7 4.1 0.1 13.1 1.5 19.5 0.686301209461142
3.5 0.7 4.1 0.1 13.3 1.4 19.6 0.6864900099258319
3.6 0.7 3.9 0.1 13.5 1.4 19.6 0.6807654283903483
3.7 0.7 4.0 0.1 13.5 1.4 19.7 0.6811220399566674
3.8000000000000003 0.6 4.1 0.1 13.8 1.4 20.0 0.6900935404922857
3.9000000000000004 0.6 4.1 0.1 14.0 1.3 20.1 0.6885546893879088
4.0 0.6 4.1 0.1 14.1 1.3 20.2 0.6903813634170803
4.1000000000000005 0.6 4.1 0.1 14.3 1.3 20.4 0.6925933192714344
4.2 0.6 4.1 0.1 14.3 1.3 20.4 0.6931364756393386
4.3 0.6 4.2 0.1 14.3 1.3 20.5 0.695250614285127
4.4 0.6 4.2 0.1 14.5 1.4 20.8 0.7059619987065595
4.5 0.6 4.3 0.1 14.3 1.5 20.8 0.702560040696038
4.6000000000000005 0.6 4.2 0.1 14.3 1.5 20.7 0.6914100034055243
4.7 0.6 4.3 0.1 14.2 1.5 20.7 0.6884341339268427
4.800000000000001 0.6 4.3 0.1 14.3 1.5 20.8 0.6932226348821935
4.9 0.7 4.3 0.1 14.2 1.5 20.8 0.6898105269251684
5.0 0.6 4.4 0.1 14.3 1.5 20.9 0.6971775808794404
5.1000000000000005 0.6 4.5 0.1 14.4 1.5 21.1 0.7012899765637414
5.2 0.6 4.5 0.1 14.6 1.6 21.4 0.7130022349056377
5.300000000000001 0.6 4.5 0.1 14.7 1.6 21.5 0.7137442467150932
5.4 0.6 4.5 0.1 14.7 1.6 21.5 0.7137442467150932
5.5 0.6 4.5 0.1 14.7 1.6 21.5 0.7137442467150932
5.6000000000000005 0.6 4.5 0.1 14.7 1.6 21.5 0.7137442467150932
5.7 0.6 4.6 0.1 14.7 1.7 21.7 0.7183931512539206
5.800000000000001 0.6 4.6 0.1 14.7 1.7 21.7 0.7183931512539206
5.9 0.6 4.6 0.1 14.7 1.7 21.7 0.7183931512539206
6.0 0.6 4.6 0.1 14.7 1.7 21.7 0.7183931512539206
6.1000000000000005 0.6 4.6 0.1 14.6 1.7 21.6 0.7154021947241604
6.2 0.6 4.6 0.1 14.6 1.7 21.6 0.7154021947241604
6.300000000000001 0.6 4.7 0.1 14.6 1.7 21.7 0.7175070881630159
6.4 0.6 4.7 0.1 14.6 1.7 21.7 0.7175070881630159
6.5 0.6 4.7 0.1 14.6 1.7 21.7 0.7175070881630159
6.6000000000000005 0.6 4.7 0.1 14.6 1.7 21.7 0.7175070881630159
6.7 0.7 4.7 0.1 14.6 1.7 21.8 0.720440422316304
6.800000000000001 0.7 4.7 0.1 14.6 1.7 21.8 0.720440422316304
6.9 0.7 4.7 0.1 14.6 1.7 21.8 0.720440422316304
7.0 0.7 4.7 0.1 14.7 1.7 21.9 0.7223963891479129
7.1000000000000005 0.7 4.7 0.1 14.7 1.7 21.9 0.7223963891479129
7.2 0.7 4.7 0.1 14.7 1.6 21.8 0.718392256581194
7.300000000000001 0.7 4.7 0.1 14.7 1.6 21.8 0.718392256581194
7.4 0.7 4.7 0.1 14.8 1.5 21.8 0.7173932280323868
7.5 0.7 4.7 0.1 14.8 1.5 21.8 0.7173932280323868
7.6000000000000005 0.7 4.7 0.1 14.8 1.6 21.9 0.7199796831890781
7.7 0.7 4.7 0.1 14.8 1.6 21.9 0.7199796831890781
7.800000000000001 0.7 4.7 0.1 14.7 1.6 21.8 0.7167309682029664
7.9 0.7 4.7 0.1 14.7 1.7 21.9 0.7200678675317812
8.0 0.7 4.7 0.1 14.7 1.7 21.9 0.7200678675317812
8.1 0.7 4.8 0.1 14.8 1.7 22.1 0.7250065669654967
8.200000000000001 0.7 4.8 0.1 14.8 1.7 22.1 0.7250065669654967
8.3 0.6 4.8 0.1 14.8 1.7 22.0 0.7220732328122086
8.4 0.6 4.8 0.1 14.8 1.7 22.0 0.7220732328122086
8.5 0.6 4.8 0.1 14.8 1.7 22.0 0.7220732328122086
8.6 0.6 4.8 0.1 14.8 1.7 22.0 0.7220732328122086
8.700000000000001 0.6 4.8 0.1 14.8 1.7 22.0 0.7220732328122086
8.8 0.6 4.9 0.1 14.8 1.7 22.1 0.7241179466869444
8.9 0.6 4.9 0.1 14.8 1.7 22.1 0.7241179466869444
9.0 0.6 4.9 0.1 14.8 1.7 22.1 0.7241179466869444
9.1 0.6 4.9 0.1 14.8 1.7 22.1 0.7241179466869444
9.200000000000001 0.6 5.0 0.1 14.8 1.7 22.2 0.7266914697299002
9.3 0.6 4.9 0.1 14.9 1.7 22.2 0.7258399710537724
9.4 0.6 4.9 0.1 14.9 1.7 22.2 0.7258399710537724
9.5 0.6 4.9 0.1 14.9 1.7 22.2 0.7258399710537724
9.600000000000001 0.6 4.9 0.1 14.9 1.7 22.2 0.7258399710537724
9.700000000000001 0.6 4.9 0.1 14.9 1.7 22.2 0.7258399710537724
9.8 0.6 4.9 0.1 15.0 1.7 22.3 0.7279610076760841
9.9 0.6 4.9 0.1 15.0 1.7 22.3 0.7279610076760841
10.0 0.6 4.9 0.1 15.0 1.7 22.3 0.7279610076760841
10.100000000000001 0.6 4.9 0.1 15.0 1.7 22.3 0.7279610076760841
10.200000000000001 0.6 4.9 0.1 15.1 1.7 22.4 0.7301677257370864
10.3 0.6 4.9 0.1 15.1 1.7 22.4 0.7301677257370864
10.4 0.6 4.9 0.1 15.1 1.7 22.4 0.7301677257370864
10.5 0.6 4.9 0.1 15.1 1.7 22.4 0.7301677257370864
10.600000000000001 0.6 4.9 0.1 15.1 1.7 22.4 0.7301677257370864
10.700000000000001 0.6 4.9 0.1 15.1 1.7 22.4 0.7301677257370864
10.8 0.6 4.9 0.1 15.1 1.7 22.4 0.7301677257370864
10.9 0.6 4.9 0.1 15.1 1.7 22.4 0.7301677257370864
11.0 0.6 4.9 0.1 15.1 1.7 22.4 0.7301677257370864
11.100000000000001 0.6 4.9 0.1 15.1 1.7 22.4 0.7301677257370864
11.200000000000001 0.6 4.9 0.1 15.1 1.7 22.4 0.7301677257370864
11.3 0.6 4.9 0.1 15.1 1.7 22.4 0.7301677257370864
11.4 0.6 4.9 0.1 15.1 1.7 22.4 0.7301677257370864
11.5 0.6 4.9 0.1 15.1 1.7 22.4 0.7301677257370864
11.600000000000001 0.6 4.9 0.1 15.1 1.7 22.4 0.7301677257370864
11.700000000000001 0.6 4.9 0.1 15.1 1.7 22.4 0.7301677257370864
11.8 0.6 4.9 0.1 15.1 1.7 22.4 0.7301677257370864
11.9 0.6 4.9 0.1 15.1 1.7 22.4 0.7301677257370864
12.0 0.6 4.8 0.1 15.1 1.7 22.3 0.7281230118623505
12.100000000000001 0.6 4.8 0.1 15.2 1.7 22.4 0.7301516182095555
12.200000000000001 0.6 4.8 0.1 15.2 1.7 22.4 0.7301516182095555
12.3 0.6 4.8 0.1 15.2 1.7 22.4 0.7301516182095555
12.4 0.6 4.8 0.1 15.2 1.7 22.4 0.7301516182095555
12.5 0.6 4.8 0.1 15.2 1.6 22.3 0.7275613527090038
12.600000000000001 0.6 4.8 0.1 15.2 1.6 22.3 0.7275613527090038
12.700000000000001 0.6 4.8 0.1 15.2 1.6 22.3 0.7275613527090038
12.8 0.6 4.8 0.1 15.2 1.6 22.3 0.7275613527090038
12.9 0.6 4.8 0.1 15.2 1.6 22.3 0.7275613527090038
13.0 0.6 4.8 0.1 15.2 1.6 22.3 0.7275613527090038
13.100000000000001 0.6 4.8 0.1 15.2 1.6 22.3 0.7275613527090038
13.200000000000001 0.6 4.8 0.1 15.2 1.6 22.3 0.7275613527090038
13.3 0.6 4.8 0.1 15.2 1.6 22.3 0.7275613527090038
13.4 0.6 4.8 0.1 15.2 1.6 22.3 0.7275613527090038
13.5 0.6 4.8 0.1 15.3 1.6 22.4 0.7293880267381754
13.600000000000001 0.6 4.8 0.1 15.3 1.6 22.4 0.7293880267381754
13.700000000000001 0.6 4.8 0.1 15.3 1.6 22.4 0.7293880267381754
13.8 0.6 4.8 0.1 15.3 1.6 22.4 0.7293880267381754
13.9 0.6 4.8 0.1 15.3 1.6 22.4 0.7293880267381754
14.0 0.6 4.8 0.1 15.3 1.6 22.4 0.7293880267381754
14.100000000000001 0.6 4.8 0.1 15.3 1.6 22.4 0.7293880267381754
14.200000000000001 0.6 4.8 0.1 15.3 1.6 22.4 0.7293880267381754
14.3 0.6 4.8 0.1 15.3 1.6 22.4 0.7293880267381754
14.4 0.6 4.8 0.1 15.3 1.6 22.4 0.7293880267381754
14.5 0.6 4.8 0.1 15.3 1.6 22.4 0.7293880267381754
14.600000000000001 0.6 4.7 0.1 15.3 1.6 22.3 0.7272831332993199
14.700000000000001 0.6 4.7 0.1 15.3 1.6 22.3 0.7272831332993199
14.8 0.6 4.7 0.1 15.3 1.6 22.3 0.7272831332993199
14.9 0.6 4.7 0.1 15.3 1.6 22.3 0.7272831332993199
15.0 0.6 4.7 0.1 15.3 1.6 22.3 0.7272831332993199
15.100000000000001 0.6 4.7 0.1 15.3 1.6 22.3 0.7272831332993199
15.200000000000001 0.6 4.7 0.1 15.3 1.6 22.3 0.7272831332993199
15.3 0.6 4.7 0.1 15.4 1.6 22.4 0.729304736272599
15.4 0.6 4.7 0.1 15.4 1.6 22.4 0.729304736272599
15.5 0.6 4.7 0.1 15.5 1.6 22.5 0.7309634386143125
15.600000000000001 0.6 4.7 0.1 15.5 1.6 22.5 0.7309634386143125
15.700000000000001 0.6 4.7 0.1 15.5 1.6 22.5 0.7309634386143125
15.8 0.6 4.7 0.1 15.5 1.6 22.5 0.7309634386143125
15.9 0.6 4.7 0.1 15.5 1.6 22.5 0.7309634386143125
16.0 0.6 4.7 0.1 15.5 1.6 22.5 0.7309634386143125
16.1 0.6 4.7 0.1 15.5 1.6 22.5 0.7309634386143125
16.2 0.6 4.7 0.1 15.5 1.6 22.5 0.7309634386143125
16.3 0.6 4.7 0.1 15.5 1.6 22.5 0.7309634386143125
16.400000000000002 0.6 4.7 0.1 15.5 1.6 22.5 0.7309634386143125
16.5 0.6 4.7 0.1 15.5 1.6 22.5 0.7309634386143125
16.6 0.6 4.7 0.1 15.5 1.6 22.5 0.7309634386143125
16.7 0.6 4.6 0.1 15.5 1.6 22.4 0.7291952432635095
16.8 0.6 4.6 0.1 15.5 1.6 22.4 0.7291952432635095
16.900000000000002 0.6 4.5 0.1 15.5 1.6 22.3 0.7271505293887736
17.0 0.6 4.5 0.1 15.5 1.6 22.3 0.7271505293887736
17.1 0.6 4.5 0.1 15.5 1.6 22.3 0.7271505293887736
17.2 0.6 4.5 0.1 15.5 1.6 22.3 0.7271505293887736
17.3 0.6 4.5 0.1 15.5 1.6 22.3 0.7271505293887736
17.400000000000002 0.6 4.5 0.1 15.5 1.6 22.3 0.7271505293887736
17.5 0.6 4.5 0.1 15.5 1.6 22.3 0.7271505293887736
17.6 0.6 4.5 0.1 15.5 1.6 22.3 0.7271505293887736
17.7 0.6 4.5 0.1 15.5 1.6 22.3 0.7271505293887736
17.8 0.6 4.5 0.1 15.5 1.6 22.3 0.7271505293887736
17.900000000000002 0.6 4.5 0.1 15.6 1.6 22.4 0.7290427899615585
18.0 0.6 4.5 0.1 15.6 1.6 22.4 0.7290427899615585
18.1 0.6 4.5 0.1 15.6 1.6 22.4 0.7290427899615585
18.2 0.6 4.5 0.1 15.6 1.6 22.4 0.7290427899615585
18.3 0.6 4.5 0.1 15.6 1.6 22.4 0.7290427899615585
18.400000000000002 0.6 4.5 0.1 15.6 1.6 22.4 0.7290427899615585
18.5 0.6 4.5 0.1 15.6 1.6 22.4 0.7290427899615585
18.6 0.6 4.5 0.1 15.6 1.6 22.4 0.7290427899615585
18.7 0.7 4.5 0.1 15.6 1.6 22.5 0.7321518822954529
18.8 0.7 4.5 0.1 15.6 1.6 22.5 0.7321518822954529
18.900000000000002 0.6 4.5 0.1 15.7 1.6 22.5 0.7310793878867792
19.0 0.5 4.5 0.1 15.6 1.6 22.3 0.7261717533201425
19.1 0.5 4.5 0.1 15.6 1.6 22.3 0.7261717533201425
19.200000000000003 0.5 4.6 0.1 15.6 1.6 22.4 0.728489756099106
19.3 0.5 4.6 0.1 15.6 1.6 22.4 0.728489756099106
19.400000000000002 0.5 4.6 0.1 15.6 1.6 22.4 0.728489756099106
19.5 0.5 4.6 0.1 15.6 1.6 22.4 0.728489756099106
19.6 0.5 4.6 0.1 15.6 1.6 22.4 0.728489756099106
19.700000000000003 0.5 4.6 0.1 15.6 1.6 22.4 0.728489756099106
19.8 0.5 4.6 0.1 15.6 1.6 22.4 0.728489756099106
19.900000000000002 0.5 4.6 0.1 15.6 1.6 22.4 0.728489756099106
20.0 0.5 4.6 0.1 15.8 1.6 22.6 0.7342492274474018
20.1 0.5 4.6 0.1 15.8 1.6 22.6 0.7342492274474018
20.200000000000003 0.5 4.6 0.1 15.9 1.6 22.7 0.7365169377806314
20.3 0.5 4.6 0.1 15.9 1.6 22.7 0.7365169377806314
20.400000000000002 0.5 4.6 0.1 15.9 1.6 22.7 0.7365169377806314
20.5 0.5 4.6 0.1 15.9 1.6 22.7 0.7365169377806314
20.6 0.5 4.6 0.1 15.9 1.6 22.7 0.7365169377806314
20.700000000000003 0.5 4.6 0.1 15.9 1.6 22.7 0.7365169377806314
20.8 0.5 4.6 0.1 15.9 1.6 22.7 0.7365169377806314
20.900000000000002 0.5 4.6 0.1 15.9 1.6 22.7 0.7365169377806314
21.0 0.5 4.6 0.1 15.9 1.6 22.7 0.7365169377806314
21.1 0.5 4.6 0.1 15.9 1.6 22.7 0.7365169377806314
21.200000000000003 0.5 4.7 0.1 15.9 1.6 22.8 0.7383650641018231
21.3 0.5 4.6 0.1 15.9 1.6 22.7 0.7365169377806314
21.400000000000002 0.5 4.6 0.1 15.9 1.6 22.7 0.7365169377806314
21.5 0.5 4.6 0.1 16.0 1.6 22.8 0.7388224882508316
21.6 0.5 4.6 0.1 16.0 1.6 22.8 0.7388224882508316
21.700000000000003 0.5 4.6 0.1 16.0 1.6 22.8 0.7388224882508316
21.8 0.5 4.6 0.1 16.0 1.6 22.8 0.7388224882508316
21.900000000000002 0.5 4.6 0.1 16.0 1.6 22.8 0.7388224882508316
22.0 0.5 4.6 0.1 16.0 1.6 22.8 0.7388224882508316
22.1 0.5 4.6 0.1 16.0 1.6 22.8 0.7388224882508316
22.200000000000003 0.5 4.6 0.1 16.0 1.6 22.8 0.7388224882508316
22.3 0.5 4.6 0.1 16.0 1.6 22.8 0.7388224882508316
22.400000000000002 0.5 4.6 0.1 16.0 1.6 22.8 0.7388224882508316
22.5 0.5 4.6 0.1 16.0 1.6 22.8 0.7388224882508316
22.6 0.5 4.6 0.1 16.0 1.6 22.8 0.7388224882508316
22.700000000000003 0.5 4.6 0.1 16.0 1.6 22.8 0.7388224882508316
22.8 0.5 4.6 0.1 16.0 1.6 22.8 0.7388224882508316
22.900000000000002 0.5 4.6 0.1 16.0 1.6 22.8 0.7388224882508316
23.0 0.5 4.6 0.1 16.0 1.6 22.8 0.7388224882508316
23.1 0.5 4.6 0.1 16.0 1.6 22.8 0.7388224882508316
23.200000000000003 0.5 4.6 0.1 16.0 1.6 22.8 0.7388224882508316
23.3 0.5 4.6 0.1 16.0 1.6 22.8 0.7388224882508316
23.400000000000002 0.5 4.6 0.1 16.0 1.6 22.8 0.7388224882508316
23.5 0.5 4.6 0.1 16.0 1.6 22.8 0.7388224882508316
23.6 0.5 4.6 0.1 16.0 1.6 22.8 0.7388224882508316
23.700000000000003 0.5 4.6 0.1 16.0 1.6 22.8 0.7388224882508316
23.8 0.5 4.6 0.1 16.0 1.6 22.8 0.7388224882508316
23.900000000000002 0.5 4.6 0.1 16.0 1.6 22.8 0.7388224882508316
24.0 0.5 4.6 0.1 16.0 1.6 22.8 0.7388224882508316
24.1 0.5 4.6 0.1 16.0 1.6 22.8 0.7388224882508316
24.200000000000003 0.5 4.6 0.1 16.0 1.6 22.8 0.7388224882508316
24.3 0.5 4.6 0.1 16.0 1.6 22.8 0.7388224882508316
24.400000000000002 0.5 4.6 0.1 16.0 1.6 22.8 0.7388224882508316
24.5 0.5 4.6 0.1 16.0 1.6 22.8 0.7388224882508316
24.6 0.5 4.6 0.1 16.0 1.6 22.8 0.7388224882508316
24.700000000000003 0.5 4.6 0.1 16.0 1.6 22.8 0.7388224882508316
24.8 0.5 4.6 0.1 16.0 1.6 22.8 0.7388224882508316
24.900000000000002 0.5 4.6 0.1 16.0 1.6 22.8 0.7388224882508316
25.0 0.5 4.6 0.1 16.0 1.6 22.8 0.7388224882508316
25.1 0.5 4.6 0.1 16.0 1.6 22.8 0.7388224882508316
25.200000000000003 0.5 4.6 0.1 16.0 1.6 22.8 0.7388224882508316
25.3 0.5 4.6 0.1 16.0 1.6 22.8 0.7388224882508316
25.400000000000002 0.5 4.6 0.1 16.0 1.6 22.8 0.7388224882508316
25.5 0.5 4.6 0.1 16.0 1.6 22.8 0.7388224882508316
25.6 0.5 4.6 0.1 16.0 1.6 22.8 0.7388224882508316
25.700000000000003 0.5 4.6 0.1 16.0 1.6 22.8 0.7388224882508316
25.8 0.5 4.6 0.1 16.0 1.6 22.8 0.7388224882508316
25.900000000000002 0.5 4.6 0.1 16.0 1.6 22.8 0.7388224882508316
26.0 0.5 4.6 0.1 16.0 1.6 22.8 0.7388224882508316
26.1 0.5 4.6 0.1 16.0 1.6 22.8 0.7388224882508316
26.200000000000003 0.5 4.6 0.1 16.0 1.6 22.8 0.7388224882508316
26.3 0.5 4.6 0.1 16.0 1.6 22.8 0.7388224882508316
26.400000000000002 0.5 4.6 0.1 16.0 1.6 22.8 0.7388224882508316
26.5 0.5 4.6 0.1 16.0 1.6 22.8 0.7388224882508316
26.6 0.5 4.6 0.1 16.0 1.6 22.8 0.7388224882508316
26.700000000000003 0.5 4.6 0.1 16.0 1.6 22.8 0.7388224882508316
26.8 0.5 4.6 0.1 16.0 1.6 22.8 0.7388224882508316
26.900000000000002 0.5 4.5 0.1 16.0 1.6 22.7 0.735438762697935
27.0 0.5 4.5 0.1 16.0 1.6 22.7 0.735438762697935
27.1 0.5 4.5 0.1 16.0 1.6 22.7 0.735438762697935
27.200000000000003 0.5 4.5 0.1 16.0 1.6 22.7 0.735438762697935
27.3 0.5 4.5 0.1 16.0 1.6 22.7 0.735438762697935
27.400000000000002 0.5 4.5 0.1 16.1 1.6 22.8 0.7410783668534163
27.5 0.5 4.5 0.1 16.1 1.6 22.8 0.7410783668534163
27.6 0.5 4.5 0.1 16.1 1.6 22.8 0.7410783668534163
27.700000000000003 0.5 4.5 0.1 16.1 1.6 22.8 0.7410783668534163
27.8 0.5 4.5 0.1 16.1 1.6 22.8 0.7410783668534163
27.900000000000002 0.5 4.5 0.1 16.1 1.6 22.8 0.7410783668534163
28.0 0.5 4.5 0.1 16.1 1.6 22.8 0.7410783668534163
28.1 0.5 4.5 0.1 16.1 1.6 22.8 0.7410783668534163
28.200000000000003 0.5 4.5 0.1 16.1 1.6 22.8 0.7410783668534163
28.3 0.5 4.5 0.1 16.1 1.6 22.8 0.7410783668534163
28.400000000000002 0.5 4.5 0.1 16.1 1.6 22.8 0.7410783668534163
28.5 0.5 4.5 0.1 16.1 1.6 22.8 0.7410783668534163
28.6 0.5 4.5 0.1 16.1 1.6 22.8 0.7410783668534163
28.700000000000003 0.5 4.5 0.1 16.1 1.6 22.8 0.7410783668534163
28.8 0.5 4.5 0.1 16.1 1.6 22.8 0.7410783668534163
28.900000000000002 0.5 4.5 0.1 16.1 1.6 22.8 0.7410783668534163
29.0 0.5 4.5 0.1 16.1 1.6 22.8 0.7410783668534163
29.1 0.5 4.5 0.1 16.1 1.6 22.8 0.7410783668534163
29.200000000000003 0.5 4.5 0.1 16.1 1.6 22.8 0.7410783668534163
29.3 0.5 4.5 0.1 16.1 1.6 22.8 0.7410783668534163
29.400000000000002 0.5 4.5 0.1 16.1 1.6 22.8 0.7410783668534163
29.5 0.5 4.5 0.1 16.1 1.6 22.8 0.7410783668534163
29.6 0.5 4.5 0.1 16.1 1.6 22.8 0.7410783668534163
29.700000000000003 0.5 4.5 0.1 16.1 1.6 22.8 0.7410783668534163
29.8 0.5 4.5 0.1 16.1 1.6 22.8 0.7410783668534163
29.900000000000002 0.5 4.5 0.1 16.1 1.6 22.8 0.7410783668534163
30.0 0.5 4.5 0.1 16.1 1.6 22.8 0.7410783668534163
30.1 0.5 4.5 0.1 16.1 1.6 22.8 0.7410783668534163
30.200000000000003 0.5 4.5 0.1 16.1 1.6 22.8 0.7410783668534163
30.3 0.5 4.5 0.1 16.1 1.6 22.8 0.7410783668534163
30.400000000000002 0.5 4.5 0.1 16.1 1.6 22.8 0.7410783668534163
30.5 0.5 4.5 0.1 16.1 1.6 22.8 0.7410783668534163
30.6 0.5 4.5 0.1 16.1 1.6 22.8 0.7410783668534163
30.700000000000003 0.5 4.5 0.1 16.1 1.6 22.8 0.7410783668534163
30.8 0.5 4.5 0.1 16.1 1.6 22.8 0.7410783668534163
30.900000000000002 0.5 4.5 0.1 16.1 1.6 22.8 0.7410783668534163
31.0 0.5 4.5 0.1 16.1 1.6 22.8 0.7410783668534163
31.1 0.5 4.5 0.1 16.1 1.6 22.8 0.7410783668534163
31.200000000000003 0.5 4.5 0.1 16.1 1.6 22.8 0.7410783668534163
31.3 0.5 4.5 0.1 16.1 1.6 22.8 0.7410783668534163
31.400000000000002 0.5 4.5 0.1 16.1 1.6 22.8 0.7410783668534163
31.5 0.5 4.5 0.1 16.1 1.6 22.8 0.7410783668534163
31.6 0.5 4.5 0.1 16.1 1.6 22.8 0.7410783668534163
31.700000000000003 0.5 4.5 0.1 16.1 1.6 22.8 0.7410783668534163
31.8 0.5 4.5 0.1 16.1 1.6 22.8 0.7410783668534163
31.900000000000002 0.5 4.5 0.1 16.1 1.6 22.8 0.7410783668534163
32.0 0.5 4.5 0.1 16.1 1.6 22.8 0.7410783668534163
32.1 0.5 4.5 0.1 16.1 1.6 22.8 0.7410783668534163
32.2 0.5 4.5 0.1 16.1 1.6 22.8 0.7410783668534163
32.300000000000004 0.5 4.5 0.1 16.1 1.6 22.8 0.7410783668534163
32.4 0.5 4.5 0.1 16.1 1.6 22.8 0.7410783668534163
32.5 0.5 4.5 0.1 16.1 1.6 22.8 0.7410783668534163
32.6 0.5 4.5 0.1 16.1 1.6 22.8 0.7410783668534163
32.7 0.5 4.6 0.1 16.1 1.6 22.9 0.7431832602922718
32.800000000000004 0.5 4.6 0.1 16.1 1.6 22.9 0.7431832602922718
32.9 0.5 4.6 0.1 16.1 1.6 22.9 0.7431832602922718
33.0 0.5 4.6 0.1 16.1 1.6 22.9 0.7431832602922718
33.1 0.5 4.6 0.1 16.1 1.6 22.9 0.7431832602922718
33.2 0.5 4.6 0.1 16.1 1.6 22.9 0.7431832602922718
33.300000000000004 0.5 4.6 0.1 16.1 1.6 22.9 0.7431832602922718
33.4 0.5 4.6 0.1 16.1 1.6 22.9 0.7431832602922718
33.5 0.5 4.6 0.1 16.1 1.6 22.9 0.7431832602922718
33.6 0.5 4.6 0.1 16.1 1.6 22.9 0.7431832602922718
33.7 0.5 4.6 0.1 16.1 1.6 22.9 0.7431832602922718
33.800000000000004 0.5 4.6 0.1 16.1 1.6 22.9 0.7431832602922718
33.9 0.5 4.6 0.1 16.1 1.6 22.9 0.7431832602922718
34.0 0.5 4.6 0.1 16.1 1.6 22.9 0.7431832602922718
34.1 0.5 4.6 0.1 16.1 1.6 22.9 0.7431832602922718
34.2 0.5 4.6 0.1 16.1 1.6 22.9 0.7431832602922718
34.300000000000004 0.5 4.6 0.1 16.1 1.6 22.9 0.7431832602922718
34.4 0.5 4.6 0.1 16.1 1.6 22.9 0.7431832602922718
34.5 0.5 4.6 0.1 16.1 1.6 22.9 0.7431832602922718
34.6 0.5 4.6 0.1 16.1 1.6 22.9 0.7431832602922718
34.7 0.5 4.6 0.1 16.1 1.6 22.9 0.7431832602922718
34.800000000000004 0.5 4.6 0.1 16.2 1.6 23.0 0.7453314716167803
34.9 0.5 4.6 0.1 16.2 1.6 23.0 0.7453314716167803
35.0 0.5 4.6 0.1 16.2 1.6 23.0 0.7453314716167803
35.1 0.5 4.6 0.1 16.2 1.6 23.0 0.7453314716167803
35.2 0.5 4.6 0.1 16.2 1.6 23.0 0.7453314716167803
35.300000000000004 0.5 4.6 0.1 16.2 1.6 23.0 0.7453314716167803
35.4 0.5 4.6 0.1 16.2 1.6 23.0 0.7453314716167803
35.5 0.5 4.6 0.1 16.2 1.6 23.0 0.7453314716167803
35.6 0.5 4.6 0.1 16.2 1.6 23.0 0.7453314716167803
35.7 0.5 4.6 0.1 16.2 1.6 23.0 0.7453314716167803
35.800000000000004 0.5 4.6 0.1 16.2 1.6 23.0 0.7453314716167803
35.9 0.5 4.6 0.1 16.2 1.6 23.0 0.7453314716167803
36.0 0.5 4.6 0.1 16.2 1.6 23.0 0.7453314716167803
36.1 0.5 4.6 0.1 16.2 1.6 23.0 0.7453314716167803
36.2 0.5 4.6 0.1 16.2 1.6 23.0 0.7453314716167803
36.300000000000004 0.5 4.6 0.1 16.2 1.6 23.0 0.7453314716167803
36.4 0.5 4.6 0.1 16.2 1.6 23.0 0.7453314716167803
36.5 0.5 4.6 0.1 16.2 1.6 23.0 0.7453314716167803
36.6 0.5 4.6 0.1 16.2 1.6 23.0 0.7453314716167803
36.7 0.5 4.6 0.1 16.2 1.6 23.0 0.7453314716167803
36.800000000000004 0.5 4.6 0.1 16.2 1.6 23.0 0.7453314716167803
36.9 0.5 4.6 0.1 16.2 1.6 23.0 0.7453314716167803
37.0 0.5 4.6 0.1 16.2 1.6 23.0 0.7453314716167803
37.1 0.5 4.6 0.1 16.2 1.6 23.0 0.7453314716167803
37.2 0.5 4.6 0.1 16.2 1.6 23.0 0.7453314716167803
37.300000000000004 0.5 4.7 0.1 16.2 1.6 23.1 0.7473565039584549
37.4 0.5 4.7 0.1 16.2 1.6 23.1 0.7473565039584549
37.5 0.5 4.7 0.1 16.2 1.6 23.1 0.7473565039584549
37.6 0.5 4.7 0.1 16.2 1.6 23.1 0.7473565039584549
37.7 0.5 4.7 0.1 16.2 1.6 23.1 0.7473565039584549
37.800000000000004 0.5 4.7 0.1 16.2 1.6 23.1 0.7473565039584549
37.9 0.5 4.7 0.1 16.2 1.6 23.1 0.7473565039584549
38.0 0.5 4.7 0.1 16.2 1.6 23.1 0.7473565039584549
38.1 0.5 4.7 0.1 16.2 1.6 23.1 0.7473565039584549
38.2 0.5 4.7 0.1 16.2 1.6 23.1 0.7473565039584549
38.300000000000004 0.5 4.7 0.1 16.2 1.6 23.1 0.7473565039584549
38.400000000000006 0.5 4.7 0.1 16.2 1.6 23.1 0.7473565039584549
38.5 0.5 4.7 0.1 16.2 1.6 23.1 0.7473565039584549
38.6 0.5 4.7 0.1 16.2 1.6 23.1 0.7473565039584549
38.7 0.5 4.7 0.1 16.2 1.6 23.1 0.7473565039584549
38.800000000000004 0.5 4.7 0.1 16.2 1.6 23.1 0.7473565039584549
38.900000000000006 0.5 4.7 0.1 16.2 1.6 23.1 0.7473565039584549
39.0 0.5 4.7 0.1 16.2 1.6 23.1 0.7473565039584549
39.1 0.5 4.7 0.1 16.2 1.6 23.1 0.7473565039584549
39.2 0.5 4.7 0.1 16.2 1.6 23.1 0.7473565039584549
39.300000000000004 0.5 4.7 0.1 16.2 1.6 23.1 0.7473565039584549
39.400000000000006 0.5 4.7 0.1 16.2 1.6 23.1 0.7473565039584549
39.5 0.5 4.6 0.1 16.2 1.6 23.0 0.7453314716167803
39.6 0.5 4.6 0.1 16.2 1.6 23.0 0.7453314716167803
39.7 0.5 4.6 0.1 16.2 1.6 23.0 0.7453314716167803
39.800000000000004 0.5 4.6 0.1 16.2 1.6 23.0 0.7453314716167803
39.900000000000006 0.5 4.6 0.1 16.2 1.6 23.0 0.7453314716167803
40.0 0.5 4.6 0.1 16.2 1.6 23.0 0.7453314716167803
40.1 0.5 4.6 0.1 16.2 1.6 23.0 0.7453314716167803
40.2 0.5 4.6 0.1 16.2 1.6 23.0 0.7453314716167803
40.300000000000004 0.5 4.6 0.1 16.2 1.6 23.0 0.7453314716167803
40.400000000000006 0.5 4.6 0.1 16.2 1.6 23.0 0.7453314716167803
40.5 0.5 4.6 0.1 16.2 1.6 23.0 0.7453314716167803
40.6 0.5 4.6 0.1 16.2 1.6 23.0 0.7453314716167803
40.7 0.5 4.6 0.1 16.2 1.6 23.0 0.7453314716167803
40.800000000000004 0.5 4.6 0.1 16.2 1.6 23.0 0.7453314716167803
40.900000000000006 0.5 4.6 0.1 16.2 1.6 23.0 0.7453314716167803
41.0 0.5 4.6 0.1 16.2 1.6 23.0 0.7453314716167803
41.1 0.5 4.6 0.1 16.2 1.6 23.0 0.7453314716167803
41.2 0.5 4.7 0.1 16.2 1.6 23.1 0.7471748466943724
41.300000000000004 0.5 4.7 0.1 16.2 1.6 23.1 0.7471748466943724
41.400000000000006 0.5 4.7 0.1 16.2 1.6 23.1 0.7471748466943724
41.5 0.5 4.7 0.1 16.2 1.6 23.1 0.7471748466943724
41.6 0.5 4.7 0.1 16.2 1.6 23.1 0.7471748466943724
41.7 0.5 4.7 0.1 16.2 1.6 23.1 0.7471748466943724
41.800000000000004 0.5 4.7 0.1 16.2 1.6 23.1 0.7471748466943724
41.900000000000006 0.5 4.7 0.1 16.2 1.6 23.1 0.7471748466943724
42.0 0.5 4.7 0.1 16.2 1.6 23.1 0.7471748466943724
42.1 0.5 4.7 0.1 16.2 1.6 23.1 0.7471748466943724
42.2 0.5 4.7 0.1 16.2 1.6 23.1 0.7471748466943724
42.300000000000004 0.5 4.7 0.1 16.2 1.6 23.1 0.7471748466943724
42.400000000000006 0.5 4.7 0.1 16.2 1.6 23.1 0.7471748466943724
42.5 0.5 4.7 0.1 16.2 1.6 23.1 0.7471748466943724
42.6 0.5 4.7 0.1 16.2 1.6 23.1 0.7471748466943724
42.7 0.5 4.7 0.1 16.2 1.6 23.1 0.7471748466943724
42.800000000000004 0.5 4.7 0.1 16.2 1.6 23.1 0.7471748466943724
42.900000000000006 0.5 4.7 0.1 16.2 1.6 23.1 0.7471748466943724
43.0 0.5 4.7 0.1 16.2 1.6 23.1 0.7471748466943724
43.1 0.5 4.7 0.1 16.2 1.6 23.1 0.7471748466943724
43.2 0.5 4.7 0.1 16.2 1.6 23.1 0.7471748466943724
43.300000000000004 0.5 4.7 0.1 16.2 1.6 23.1 0.7471748466943724
43.400000000000006 0.5 4.7 0.1 16.2 1.6 23.1 0.7471748466943724
43.5 0.5 4.7 0.1 16.2 1.6 23.1 0.7471748466943724
43.6 0.5 4.7 0.1 16.2 1.6 23.1 0.7471748466943724
43.7 0.5 4.7 0.1 16.2 1.6 23.1 0.7471748466943724
43.800000000000004 0.5 4.7 0.1 16.2 1.6 23.1 0.7471748466943724
43.900000000000006 0.5 4.7 0.1 16.2 1.6 23.1 0.7471748466943724
44.0 0.5 4.7 0.1 16.2 1.6 23.1 0.7471748466943724
44.1 0.5 4.7 0.1 16.2 1.6 23.1 0.7471748466943724
44.2 0.5 4.7 0.1 16.2 1.6 23.1 0.7471748466943724
44.300000000000004 0.5 4.7 0.1 16.2 1.6 23.1 0.7471748466943724
44.400000000000006 0.5 4.7 0.1 16.2 1.6 23.1 0.7471748466943724
44.5 0.5 4.7 0.1 16.2 1.6 23.1 0.7471748466943724
44.6 0.5 4.7 0.1 16.2 1.6 23.1 0.7471748466943724
44.7 0.5 4.7 0.1 16.2 1.6 23.1 0.7471748466943724
44.800000000000004 0.5 4.7 0.1 16.2 1.6 23.1 0.7471748466943724
44.900000000000006 0.5 4.7 0.1 16.2 1.5 23.0 0.7442840303525579
45.0 0.5 4.7 0.1 16.2 1.5 23.0 0.7442840303525579
45.1 0.5 4.7 0.1 16.2 1.5 23.0 0.7442840303525579
45.2 0.5 4.7 0.1 16.1 1.5 22.9 0.7411446059235136
45.300000000000004 0.5 4.7 0.1 16.1 1.5 22.9 0.7411446059235136
45.400000000000006 0.5 4.7 0.1 16.1 1.5 22.9 0.7411446059235136
45.5 0.5 4.7 0.1 16.1 1.5 22.9 0.7411446059235136
45.6 0.5 4.7 0.1 16.1 1.5 22.9 0.7411446059235136
45.7 0.5 4.7 0.1 16.1 1.5 22.9 0.7411446059235136
45.800000000000004 0.5 4.7 0.1 16.1 1.5 22.9 0.7411446059235136
45.900000000000006 0.5 4.7 0.1 16.1 1.5 22.9 0.7411446059235136
46.0 0.5 4.7 0.1 16.1 1.5 22.9 0.7411446059235136
46.1 0.5 4.7 0.1 16.1 1.5 22.9 0.7411446059235136
46.2 0.5 4.7 0.1 16.1 1.5 22.9 0.7411446059235136
46.300000000000004 0.5 4.7 0.1 16.1 1.5 22.9 0.7411446059235136
46.400000000000006 0.5 4.7 0.1 16.2 1.5 23.0 0.7435782674033694
46.5 0.5 4.7 0.1 16.2 1.5 23.0 0.7435782674033694
46.6 0.5 4.7 0.1 16.2 1.5 23.0 0.7435782674033694
46.7 0.5 4.7 0.1 16.2 1.5 23.0 0.7435782674033694
46.800000000000004 0.5 4.7 0.1 16.3 1.5 23.1 0.7453952423820416
46.900000000000006 0.5 4.7 0.1 16.3 1.5 23.1 0.7453952423820416
47.0 0.5 4.7 0.1 16.3 1.5 23.1 0.7453952423820416
47.1 0.5 4.7 0.1 16.3 1.5 23.1 0.7453952423820416
47.2 0.5 4.7 0.1 16.3 1.5 23.1 0.7453952423820416
47.300000000000004 0.5 4.6 0.1 16.3 1.5 23.0 0.7432811037362531
47.400000000000006 0.5 4.6 0.1 16.3 1.6 23.1 0.74685663626354
47.5 0.5 4.6 0.1 16.3 1.6 23.1 0.74685663626354
47.6 0.5 4.6 0.1 16.3 1.6 23.1 0.74685663626354
47.7 0.5 4.5 0.1 16.3 1.6 23.0 0.7447424976177517
47.800000000000004 0.5 4.5 0.1 16.3 1.6 23.0 0.7447424976177517
47.900000000000006 0.5 4.5 0.1 16.3 1.6 23.0 0.7447424976177517
48.0 0.5 4.5 0.1 16.3 1.6 23.0 0.7447424976177517
48.1 0.5 4.5 0.1 16.3 1.6 23.0 0.7447424976177517
48.2 0.5 4.5 0.1 16.3 1.6 23.0 0.7447424976177517
48.300000000000004 0.5 4.5 0.1 16.3 1.6 23.0 0.7447424976177517
48.400000000000006 0.5 4.5 0.1 16.4 1.6 23.1 0.7480003668498549
48.5 0.5 4.5 0.1 16.4 1.6 23.1 0.7480003668498549
48.6 0.5 4.5 0.1 16.4 1.6 23.1 0.7480003668498549
48.7 0.5 4.5 0.1 16.4 1.6 23.1 0.7480003668498549
48.800000000000004 0.5 4.5 0.1 16.4 1.6 23.1 0.7480003668498549
48.900000000000006 0.5 4.5 0.1 16.4 1.6 23.1 0.7480003668498549
49.0 0.5 4.5 0.1 16.4 1.6 23.1 0.7480003668498549
49.1 0.5 4.5 0.1 16.4 1.6 23.1 0.7480003668498549
49.2 0.5 4.5 0.1 16.4 1.6 23.1 0.7480003668498549
49.300000000000004 0.5 4.5 0.1 16.4 1.6 23.1 0.7480003668498549
49.400000000000006 0.5 4.5 0.1 16.4 1.6 23.1 0.7480003668498549
49.5 0.5 4.5 0.1 16.4 1.6 23.1 0.7480003668498549
49.6 0.5 4.5 0.1 16.4 1.6 23.1 0.7480003668498549
49.7 0.5 4.5 0.1 16.4 1.6 23.1 0.7480003668498549
49.800000000000004 0.5 4.5 0.1 16.4 1.6 23.1 0.7480003668498549
49.900000000000006 0.5 4.5 0.1 16.4 1.6 23.1 0.7480003668498549
50.0 0.5 4.5 0.1 16.4 1.6 23.1 0.7480003668498549
50.1 0.5 4.5 0.1 16.4 1.6 23.1 0.7480003668498549
50.2 0.5 4.5 0.1 16.4 1.6 23.1 0.7480003668498549
50.300000000000004 0.5 4.5 0.1 16.4 1.6 23.1 0.7480003668498549
50.400000000000006 0.5 4.5 0.1 16.4 1.6 23.1 0.7480003668498549
50.5 0.5 4.5 0.1 16.3 1.6 23.0 0.7447424976177517
50.6 0.5 4.5 0.1 16.4 1.6 23.1 0.7485706354651624
50.7 0.5 4.5 0.1 16.4 1.6 23.1 0.7485706354651624
50.800000000000004 0.5 4.5 0.1 16.4 1.6 23.1 0.7485706354651624
50.900000000000006 0.5 4.5 0.1 16.4 1.6 23.1 0.7485706354651624
51.0 0.5 4.5 0.1 16.4 1.6 23.1 0.7485706354651624
51.1 0.5 4.5 0.1 16.4 1.6 23.1 0.7485706354651624
51.2 0.5 4.5 0.1 16.4 1.6 23.1 0.7485706354651624
51.300000000000004 0.5 4.5 0.1 16.4 1.6 23.1 0.7485706354651624
51.400000000000006 0.5 4.5 0.1 16.5 1.6 23.2 0.7502926598319904
51.5 0.5 4.5 0.1 16.5 1.6 23.2 0.7502926598319904
51.6 0.5 4.5 0.1 16.5 1.6 23.2 0.7502926598319904
51.7 0.5 4.5 0.1 16.5 1.6 23.2 0.7502926598319904
51.800000000000004 0.5 4.5 0.1 16.5 1.6 23.2 0.7502926598319904
51.900000000000006 0.5 4.5 0.1 16.5 1.6 23.2 0.7502926598319904
52.0 0.5 4.5 0.1 16.5 1.6 23.2 0.7502926598319904
52.1 0.5 4.5 0.1 16.5 1.6 23.2 0.7502926598319904
52.2 0.5 4.5 0.1 16.5 1.6 23.2 0.7502926598319904
52.300000000000004 0.5 4.5 0.1 16.5 1.6 23.2 0.7502926598319904
52.400000000000006 0.5 4.5 0.1 16.5 1.6 23.2 0.7502926598319904
52.5 0.5 4.5 0.1 16.5 1.6 23.2 0.7502926598319904
52.6 0.5 4.5 0.1 16.5 1.6 23.2 0.7502926598319904
52.7 0.5 4.5 0.1 16.5 1.6 23.2 0.7502926598319904
52.800000000000004 0.5 4.5 0.1 16.5 1.6 23.2 0.7502926598319904
52.900000000000006 0.5 4.5 0.1 16.5 1.6 23.2 0.7502926598319904
53.0 0.5 4.5 0.1 16.5 1.6 23.2 0.7502926598319904
53.1 0.5 4.5 0.1 16.5 1.6 23.2 0.7502926598319904
53.2 0.5 4.5 0.1 16.5 1.6 23.2 0.7502926598319904
53.300000000000004 0.5 4.5 0.1 16.5 1.6 23.2 0.7502926598319904
53.400000000000006 0.5 4.5 0.1 16.5 1.6 23.2 0.7502926598319904
53.5 0.5 4.5 0.1 16.5 1.6 23.2 0.7502926598319904
53.6 0.5 4.5 0.1 16.5 1.6 23.2 0.7502926598319904
53.7 0.5 4.5 0.1 16.5 1.6 23.2 0.7502926598319904
53.800000000000004 0.5 4.5 0.1 16.5 1.6 23.2 0.7502926598319904
53.900000000000006 0.5 4.5 0.1 16.5 1.6 23.2 0.7502926598319904
54.0 0.5 4.5 0.1 16.5 1.6 23.2 0.7502926598319904
54.1 0.5 4.5 0.1 16.5 1.6 23.2 0.7502926598319904
54.2 0.5 4.5 0.1 16.5 1.6 23.2 0.7502926598319904
54.300000000000004 0.5 4.5 0.1 16.5 1.6 23.2 0.7502926598319904
54.400000000000006 0.5 4.4 0.1 16.5 1.6 23.1 0.7468951809841489
54.5 0.5 4.4 0.1 16.5 1.6 23.1 0.7468951809841489
54.6 0.4 4.4 0.1 16.5 1.6 23.0 0.7443090619236237
54.7 0.4 4.4 0.1 16.5 1.6 23.0 0.7443090619236237
54.800000000000004 0.4 4.4 0.1 16.4 1.6 22.9 0.7413181053938638
54.900000000000006 0.4 4.4 0.1 16.4 1.6 22.9 0.7413181053938638
55.0 0.4 4.4 0.1 16.4 1.6 22.9 0.7413181053938638
55.1 0.4 4.4 0.1 16.4 1.6 22.9 0.7413181053938638
55.2 0.4 4.4 0.1 16.4 1.6 22.9 0.7413181053938638
55.300000000000004 0.4 4.4 0.1 16.5 1.6 23.0 0.7432944005841078
55.400000000000006 0.4 4.4 0.1 16.5 1.6 23.0 0.7432944005841078
55.5 0.4 4.4 0.1 16.5 1.6 23.0 0.7432944005841078
55.6 0.4 4.4 0.1 16.5 1.6 23.0 0.7432944005841078
55.7 0.4 4.4 0.1 16.5 1.6 23.0 0.7432944005841078
55.800000000000004 0.4 4.4 0.1 16.5 1.6 23.0 0.7432944005841078
55.900000000000006 0.4 4.4 0.1 16.5 1.6 23.0 0.7432944005841078
56.0 0.4 4.4 0.1 16.5 1.6 23.0 0.7432944005841078
56.1 0.4 4.4 0.1 16.6 1.6 23.1 0.7458472879704028
56.2 0.4 4.4 0.1 16.6 1.6 23.1 0.7458472879704028
56.300000000000004 0.4 4.4 0.1 16.6 1.6 23.1 0.7458472879704028
56.400000000000006 0.4 4.4 0.1 16.6 1.6 23.1 0.7458472879704028
56.5 0.4 4.4 0.1 16.6 1.6 23.1 0.7458472879704028
56.6 0.4 4.4 0.1 16.6 1.6 23.1 0.7458472879704028
56.7 0.4 4.4 0.1 16.6 1.6 23.1 0.7458472879704028
56.800000000000004 0.4 4.4 0.1 16.6 1.6 23.1 0.7458472879704028
56.900000000000006 0.4 4.4 0.1 16.6 1.6 23.1 0.7458472879704028
57.0 0.4 4.4 0.1 16.6 1.6 23.1 0.7458472879704028
57.1 0.4 4.4 0.1 16.6 1.6 23.1 0.7458472879704028
57.2 0.4 4.4 0.1 16.6 1.6 23.1 0.7458472879704028
57.300000000000004 0.4 4.4 0.1 16.6 1.6 23.1 0.7458472879704028
57.400000000000006 0.4 4.4 0.1 16.6 1.6 23.1 0.7458472879704028
57.5 0.4 4.4 0.1 16.6 1.6 23.1 0.7458472879704028
57.6 0.4 4.4 0.1 16.6 1.6 23.1 0.7458472879704028
57.7 0.4 4.4 0.1 16.6 1.6 23.1 0.7458472879704028
57.800000000000004 0.4 4.4 0.1 16.6 1.6 23.1 0.7458472879704028
57.900000000000006 0.4 4.4 0.1 16.6 1.6 23.1 0.7458472879704028
58.0 0.4 4.4 0.1 16.6 1.6 23.1 0.7458472879704028
58.1 0.4 4.4 0.1 16.6 1.6 23.1 0.7458472879704028
58.2 0.4 4.4 0.1 16.6 1.6 23.1 0.7458472879704028
58.300000000000004 0.4 4.4 0.1 16.6 1.6 23.1 0.7458472879704028
58.400000000000006 0.4 4.4 0.1 16.6 1.6 23.1 0.7458472879704028
58.5 0.4 4.4 0.1 16.6 1.6 23.1 0.7458472879704028
58.6 0.4 4.4 0.1 16.6 1.6 23.1 0.7458472879704028
58.7 0.4 4.4 0.1 16.6 1.6 23.1 0.7458472879704028
58.800000000000004 0.4 4.4 0.1 16.6 1.6 23.1 0.7458472879704028
58.900000000000006 0.4 4.4 0.1 16.6 1.6 23.1 0.7458472879704028
59.0 0.4 4.4 0.1 16.6 1.6 23.1 0.7458472879704028
59.1 0.4 4.4 0.1 16.6 1.6 23.1 0.7458472879704028
59.2 0.4 4.4 0.1 16.6 1.6 23.1 0.7458472879704028
59.300000000000004 0.4 4.4 0.1 16.6 1.6 23.1 0.7458472879704028
59.400000000000006 0.4 4.4 0.1 16.6 1.6 23.1 0.7458472879704028
59.5 0.4 4.4 0.1 16.6 1.6 23.1 0.7458472879704028
59.6 0.4 4.4 0.1 16.6 1.6 23.1 0.7458472879704028
59.7 0.4 4.4 0.1 16.6 1.6 23.1 0.7458472879704028
59.800000000000004 0.4 4.5 0.1 16.6 1.6 23.2 0.7479214950496174
59.900000000000006 0.4 4.5 0.1 16.6 1.6 23.2 0.7479214950496174
60.0 0.4 4.5 0.1 16.7 1.6 23.3 0.7499547626659869
