t/s,s_1AO6-P1,s_2A73-P2,s_3GHG-P3,s_3K2S-P4,s_1HZH-P5,total,total_coverage
0.0 0.0 0.0 0.0 0.0 0.0 0.0 0.0
0.1 0.02586074137536599 0.042758649397524974 0.029476362003820762 0.21728482095923632 0.05128716253236663 8.7 0.36666773626831467
0.2 0.01925441914613756 0.06760131921089774 0.015343683393055613 0.29766306134690057 0.06600090773073693 11.2 0.46586339082772854
0.30000000000000004 0.020847163873931797 0.06908002563954721 0.0 0.344025124968169 0.04253985633022757 12.0 0.47649217081187556
0.4 0.023657620033734776 0.09351613782025417 0.01041676935137743 0.36412302177812517 0.049655700726109045 13.5 0.5413692497096008
0.5 0.026796088758004478 0.08833814736169616 0.01041676935137743 0.36056460244597605 0.049655700726109045 13.2 0.5357713086431634
0.6000000000000001 0.018789561325185344 0.09153589583545162 0.01041676935137743 0.36514841977695206 0.04887732837751224 13.3 0.5347679746664789
0.7000000000000001 0.018528145439181576 0.09578827296165193 0.01041676935137743 0.3825066228508024 0.04653082423219441 13.7 0.5537706348352079
0.8 0.01248283615337254 0.09898142053252587 0.01041676935137743 0.3948920381721887 0.05209011167470682 14.2 0.5688631758841713
0.9 0.01248283615337254 0.09523954570369011 0.012238264853593379 0.4090902727065133 0.04903234558733865 14.7 0.578083265004508
1.0 0.01248283615337254 0.09742585169174714 0.012238264853593379 0.4146504907044369 0.050749724378330474 15.1 0.5875471677814803
1.1 0.01248283615337254 0.09305474692023115 0.012238264853593379 0.43454704232973773 0.04391720273022141 15.4 0.5962400929871564
1.2000000000000002 0.015353872794788614 0.10530317182172219 0.012238264853593379 0.43170666397175167 0.03938183391478597 16.0 0.6039838073566419
1.3 0.015353872794788614 0.10845121280550489 0.012238264853593379 0.4282885758858505 0.04627889951177048 16.2 0.610610825851508
1.4000000000000001 0.02129818296260371 0.10898578629717333 0.012238264853593379 0.4439691493579822 0.046513787344349376 16.7 0.6330051708157018
1.5 0.023884302023128752 0.11156750405197066 0.012238264853593379 0.4477279913948425 0.051793579542270776 17.1 0.6472116418658058
1.6 0.023884302023128752 0.11368490774488393 0.012238264853593379 0.45895650076295214 0.043522173994473695 17.3 0.6522861493790317
1.7000000000000002 0.023884302023128752 0.11327527529713559 0.012238264853593379 0.45479554445778547 0.043522173994473695 17.2 0.6477155606261167
1.8 0.023884302023128752 0.11327527529713559 0.012238264853593379 0.4551542761710163 0.04963878135324841 17.4 0.6541908996981225
1.9000000000000001 0.023884302023128752 0.1162551846244956 0.012238264853593379 0.45733324774190864 0.04963878135324841 17.6 0.6593497805963746
2.0 0.023884302023128752 0.12284520045368938 0.012238264853593379 0.4539616357751758 0.04963878135324841 17.7 0.6625681844588356
2.1 0.020616654854149884 0.12046739750821973 0.012238264853593379 0.4572103507612876 0.05235174088951562 17.7 0.6628844088667661
2.2 0.020616654854149884 0.12046739750821973 0.012238264853593379 0.4572103507612876 0.05235174088951562 17.7 0.6628844088667661
2.3000000000000003 0.020616654854149884 0.12046739750821973 0.012238264853593379 0.45577194613899125 0.05235174088951562 17.7 0.6614460042444699
2.4000000000000004 0.020616654854149884 0.12810938000477073 0.012238264853593379 0.45662420185501035 0.048828420333787946 17.9 0.6664169219013122
2.5 0.020616654854149884 0.12567051700446027 0.012238264853593379 0.4520744665737063 0.0516214403061272 17.9 0.6622213435920365
2.6 0.020616654854149884 0.1277152308791961 0.012238264853593379 0.45805001520980504 0.0516214403061272 18.2 0.6702416061028711
2.7 0.020616654854149884 0.1319678386528807 0.012238264853593379 0.45736582761829847 0.049123274176717455 18.2 0.6713118601556396
2.8000000000000003 0.023381091942013994 0.13068105304334446 0.012238264853593379 0.4650656301810351 0.04497694830941906 18.4 0.6763429883294058
2.9000000000000004 0.023381091942013994 0.13144186615781292 0.0018214955022159474 0.47617431167793695 0.047567213809970706 18.8 0.6803859790899505
3.0 0.023475014903503066 0.12644926340570267 0.0018214955022159474 0.4790769558392225 0.05061114166774071 19.0 0.681433871318385
3.1 0.023475014903503066 0.12037528272513318 0.0018214955022159474 0.4752784062144294 0.05061114166774071 18.9 0.6715613410130225
3.2 0.026487633926123782 0.12132351974485744 0.0018214955022159474 0.48439420815849166 0.05370887565154105 19.4 0.6877357329832299
3.3000000000000003 0.020336546179233368 0.1291163976259606 0.0018214955022159474 0.48439420815849166 0.05370887565154105 19.5 0.6893775231174426
3.4000000000000004 0.020336546179233368 0.1223509190699837 0.0018214955022159474 0.4880833730581677 0.05370887565154105 19.5 0.686301209461142
3.5 0.020336546179233368 0.12379860190514949 0.0018214955022159474 0.4915553807702267 0.04897798556900622 19.6 0.6864900099258319
3.6 0.020336546179233368 0.11720405210324239 0.0018214955022159474 0.49242534903665014 0.04897798556900622 19.6 0.6807654283903483
3.7 0.020336546179233368 0.11931819074903083 0.0018214955022159474 0.49066782195718106 0.04897798556900622 19.7 0.6811220399566674
3.8000000000000003 0.017070282078912376 0.12228282282011041 0.0018214955022159474 0.49994095452204046 0.04897798556900622 20.0 0.6900935404922857
3.9000000000000004 0.017070282078912376 0.12228282282011041 0.0018214955022159474 0.5020168797426054 0.04536320924406441 20.1 0.6885546893879088
4.0 0.017070282078912376 0.12228282282011041 0.0018214955022159474 0.503843553771777 0.04536320924406441 20.2 0.6903813634170803
4.1000000000000005 0.017070282078912376 0.12228282282011041 0.0018214955022159474 0.506055509626131 0.04536320924406441 20.4 0.6925933192714344
4.2 0.017070282078912376 0.12228282282011041 0.0018214955022159474 0.5065986659940352 0.04536320924406441 20.4 0.6931364756393386
4.3 0.017070282078912376 0.12439696146589885 0.0018214955022159474 0.5065986659940352 0.04536320924406441 20.5 0.695250614285127
4.4 0.017070282078912376 0.12439696146589885 0.0018214955022159474 0.5143461267945324 0.04832713286499961 20.8 0.7059619987065595
4.5 0.017070282078912376 0.12677998730470402 0.0018214955022159474 0.5045570103784869 0.05233126543171866 20.8 0.702560040696038
4.6000000000000005 0.017070282078912376 0.12439696146589885 0.0018214955022159474 0.4957899989267783 0.05233126543171866 20.7 0.6914100034055243
4.7 0.017070282078912376 0.12695136803222692 0.0018214955022159474 0.49025972288176856 0.05233126543171866 20.7 0.6884341339268427
4.800000000000001 0.017070282078912376 0.12695136803222692 0.0018214955022159474 0.4950482238371194 0.05233126543171866 20.8 0.6932226348821935
4.9 0.020008142392330508 0.12823454919365826 0.0018214955022159474 0.4874150744052452 0.05233126543171866 20.8 0.6898105269251684
5.0 0.017070282078912376 0.13163202804149982 0.0018214955022159474 0.49305462823228446 0.05359914702452776 20.9 0.6971775808794404
5.1000000000000005 0.017070282078912376 0.13340022339230287 0.0018214955022159474 0.49539882856578243 0.05359914702452776 21.1 0.7012899765637414
5.2 0.017070282078912376 0.13340022339230287 0.0018214955022159474 0.5038099032347719 0.056900330697434644 21.4 0.7130022349056377
5.300000000000001 0.017070282078912376 0.13232526022308616 0.0018214955022159474 0.505626878213444 0.056900330697434644 21.5 0.7137442467150932
5.4 0.017070282078912376 0.13232526022308616 0.0018214955022159474 0.505626878213444 0.056900330697434644 21.5 0.7137442467150932
5.5 0.017070282078912376 0.13232526022308616 0.0018214955022159474 0.505626878213444 0.056900330697434644 21.5 0.7137442467150932
5.6000000000000005 0.017070282078912376 0.13232526022308616 0.0018214955022159474 0.505626878213444 0.056900330697434644 21.5 0.7137442467150932
5.7 0.017070282078912376 0.13430400626876618 0.0018214955022159474 0.505626878213444 0.05957048919058204 21.7 0.7183931512539206
5.800000000000001 0.017070282078912376 0.13430400626876618 0.0018214955022159474 0.505626878213444 0.05957048919058204 21.7 0.7183931512539206
5.9 0.017070282078912376 0.13430400626876618 0.0018214955022159474 0.505626878213444 0.05957048919058204 21.7 0.7183931512539206
6.0 0.017070282078912376 0.13430400626876618 0.0018214955022159474 0.505626878213444 0.05957048919058204 21.7 0.7183931512539206
6.1000000000000005 0.017070282078912376 0.13430400626876618 0.0018214955022159474 0.502635921683684 0.05957048919058204 21.6 0.7154021947241604
6.2 0.017070282078912376 0.13430400626876618 0.0018214955022159474 0.502635921683684 0.05957048919058204 21.6 0.7154021947241604
6.300000000000001 0.017070282078912376 0.13640889970762163 0.0018214955022159474 0.502635921683684 0.05957048919058204 21.7 0.7175070881630159
6.4 0.017070282078912376 0.13640889970762163 0.0018214955022159474 0.502635921683684 0.05957048919058204 21.7 0.7175070881630159
6.5 0.017070282078912376 0.13640889970762163 0.0018214955022159474 0.502635921683684 0.05957048919058204 21.7 0.7175070881630159
6.6000000000000005 0.017070282078912376 0.13640889970762163 0.0018214955022159474 0.502635921683684 0.05957048919058204 21.7 0.7175070881630159
6.7 0.020003616232200518 0.13640889970762163 0.0018214955022159474 0.502635921683684 0.05957048919058204 21.8 0.720440422316304
6.800000000000001 0.020003616232200518 0.13640889970762163 0.0018214955022159474 0.502635921683684 0.05957048919058204 21.8 0.720440422316304
6.9 0.020003616232200518 0.13640889970762163 0.0018214955022159474 0.502635921683684 0.05957048919058204 21.8 0.720440422316304
7.0 0.020003616232200518 0.13640889970762163 0.0018214955022159474 0.5045918885152928 0.05957048919058204 21.9 0.7223963891479129
7.1000000000000005 0.020003616232200518 0.13640889970762163 0.0018214955022159474 0.5045918885152928 0.05957048919058204 21.9 0.7223963891479129
7.2 0.020003616232200518 0.13640889970762163 0.0018214955022159474 0.5045918885152928 0.05556635662386298 21.8 0.718392256581194
7.300000000000001 0.020003616232200518 0.13640889970762163 0.0018214955022159474 0.5045918885152928 0.05556635662386298 21.8 0.718392256581194
7.4 0.020003616232200518 0.13640889970762163 0.0018214955022159474 0.5068686271596416 0.05229058943070715 21.8 0.7173932280323868
7.5 0.020003616232200518 0.13640889970762163 0.0018214955022159474 0.5068686271596416 0.05229058943070715 21.8 0.7173932280323868
7.6000000000000005 0.020003616232200518 0.13640889970762163 0.0018214955022159474 0.5068686271596416 0.05487704458739846 21.9 0.7199796831890781
7.7 0.020003616232200518 0.13640889970762163 0.0018214955022159474 0.5068686271596416 0.05487704458739846 21.9 0.7199796831890781
7.800000000000001 0.020003616232200518 0.13640889970762163 0.0018214955022159474 0.5036199121735297 0.05487704458739846 21.8 0.7167309682029664
7.9 0.020003616232200518 0.13640889970762163 0.0018214955022159474 0.5036199121735297 0.05821394391621328 21.9 0.7200678675317812
8.0 0.020003616232200518 0.13640889970762163 0.0018214955022159474 0.5036199121735297 0.05821394391621328 21.9 0.7200678675317812
8.1 0.020003616232200518 0.13846742760876282 0.0018214955022159474 0.506500083706104 0.05821394391621328 22.1 0.7250065669654967
8.200000000000001 0.020003616232200518 0.13846742760876282 0.0018214955022159474 0.506500083706104 0.05821394391621328 22.1 0.7250065669654967
8.3 0.017070282078912376 0.13846742760876282 0.0018214955022159474 0.506500083706104 0.05821394391621328 22.0 0.7220732328122086
8.4 0.017070282078912376 0.13846742760876282 0.0018214955022159474 0.506500083706104 0.05821394391621328 22.0 0.7220732328122086
8.5 0.017070282078912376 0.13846742760876282 0.0018214955022159474 0.506500083706104 0.05821394391621328 22.0 0.7220732328122086
8.6 0.017070282078912376 0.13846742760876282 0.0018214955022159474 0.506500083706104 0.05821394391621328 22.0 0.7220732328122086
8.700000000000001 0.017070282078912376 0.13846742760876282 0.0018214955022159474 0.506500083706104 0.05821394391621328 22.0 0.7220732328122086
8.8 0.017070282078912376 0.14051214148349864 0.0018214955022159474 0.506500083706104 0.05821394391621328 22.1 0.7241179466869444
8.9 0.017070282078912376 0.14051214148349864 0.0018214955022159474 0.506500083706104 0.05821394391621328 22.1 0.7241179466869444
9.0 0.017070282078912376 0.14051214148349864 0.0018214955022159474 0.506500083706104 0.05821394391621328 22.1 0.7241179466869444
9.1 0.017070282078912376 0.14051214148349864 0.0018214955022159474 0.506500083706104 0.05821394391621328 22.1 0.7241179466869444
9.200000000000001 0.017070282078912376 0.14308566452645435 0.0018214955022159474 0.506500083706104 0.05821394391621328 22.2 0.7266914697299002
9.3 0.017070282078912376 0.14051214148349864 0.0018214955022159474 0.5082221080729321 0.05821394391621328 22.2 0.7258399710537724
9.4 0.017070282078912376 0.14051214148349864 0.0018214955022159474 0.5082221080729321 0.05821394391621328 22.2 0.7258399710537724
9.5 0.017070282078912376 0.14051214148349864 0.0018214955022159474 0.5082221080729321 0.05821394391621328 22.2 0.7258399710537724
9.600000000000001 0.017070282078912376 0.14051214148349864 0.0018214955022159474 0.5082221080729321 0.05821394391621328 22.2 0.7258399710537724
9.700000000000001 0.017070282078912376 0.14051214148349864 0.0018214955022159474 0.5082221080729321 0.05821394391621328 22.2 0.7258399710537724
9.8 0.017070282078912376 0.14051214148349864 0.0018214955022159474 0.5103431446952438 0.05821394391621328 22.3 0.7279610076760841
9.9 0.017070282078912376 0.14051214148349864 0.0018214955022159474 0.5103431446952438 0.05821394391621328 22.3 0.7279610076760841
10.0 0.017070282078912376 0.14051214148349864 0.0018214955022159474 0.5103431446952438 0.05821394391621328 22.3 0.7279610076760841
10.100000000000001 0.017070282078912376 0.14051214148349864 0.0018214955022159474 0.5103431446952438 0.05821394391621328 22.3 0.7279610076760841
10.200000000000001 0.017070282078912376 0.14051214148349864 0.0018214955022159474 0.512549862756246 0.05821394391621328 22.4 0.7301677257370864
10.3 0.017070282078912376 0.14051214148349864 0.0018214955022159474 0.512549862756246 0.05821394391621328 22.4 0.7301677257370864
10.4 0.017070282078912376 0.14051214148349864 0.0018214955022159474 0.512549862756246 0.05821394391621328 22.4 0.7301677257370864
10.5 0.017070282078912376 0.14051214148349864 0.0018214955022159474 0.512549862756246 0.05821394391621328 22.4 0.7301677257370864
10.600000000000001 0.017070282078912376 0.14051214148349864 0.0018214955022159474 0.512549862756246 0.05821394391621328 22.4 0.7301677257370864
10.700000000000001 0.017070282078912376 0.14051214148349864 0.0018214955022159474 0.512549862756246 0.05821394391621328 22.4 0.7301677257370864
10.8 0.017070282078912376 0.14051214148349864 0.0018214955022159474 0.512549862756246 0.05821394391621328 22.4 0.7301677257370864
10.9 0.017070282078912376 0.14051214148349864 0.0018214955022159474 0.512549862756246 0.05821394391621328 22.4 0.7301677257370864
11.0 0.017070282078912376 0.14051214148349864 0.0018214955022159474 0.512549862756246 0.05821394391621328 22.4 0.7301677257370864
11.100000000000001 0.017070282078912376 0.14051214148349864 0.0018214955022159474 0.512549862756246 0.05821394391621328 22.4 0.7301677257370864
11.200000000000001 0.017070282078912376 0.14051214148349864 0.0018214955022159474 0.512549862756246 0.05821394391621328 22.4 0.7301677257370864
11.3 0.017070282078912376 0.14051214148349864 0.0018214955022159474 0.512549862756246 0.05821394391621328 22.4 0.7301677257370864
11.4 0.017070282078912376 0.14051214148349864 0.0018214955022159474 0.512549862756246 0.05821394391621328 22.4 0.7301677257370864
11.5 0.017070282078912376 0.14051214148349864 0.0018214955022159474 0.512549862756246 0.05821394391621328 22.4 0.7301677257370864
11.600000000000001 0.017070282078912376 0.14051214148349864 0.0018214955022159474 0.512549862756246 0.05821394391621328 22.4 0.7301677257370864
11.700000000000001 0.017070282078912376 0.14051214148349864 0.0018214955022159474 0.512549862756246 0.05821394391621328 22.4 0.7301677257370864
11.8 0.017070282078912376 0.14051214148349864 0.0018214955022159474 0.512549862756246 0.05821394391621328 22.4 0.7301677257370864
11.9 0.017070282078912376 0.14051214148349864 0.0018214955022159474 0.512549862756246 0.05821394391621328 22.4 0.7301677257370864
12.0 0.017070282078912376 0.13846742760876282 0.0018214955022159474 0.512549862756246 0.05821394391621328 22.3 0.7281230118623505
12.100000000000001 0.017070282078912376 0.13846742760876282 0.0018214955022159474 0.514578469103451 0.05821394391621328 22.4 0.7301516182095555
12.200000000000001 0.017070282078912376 0.13846742760876282 0.0018214955022159474 0.514578469103451 0.05821394391621328 22.4 0.7301516182095555
12.3 0.017070282078912376 0.13846742760876282 0.0018214955022159474 0.514578469103451 0.05821394391621328 22.4 0.7301516182095555
12.4 0.017070282078912376 0.13846742760876282 0.0018214955022159474 0.514578469103451 0.05821394391621328 22.4 0.7301516182095555
12.5 0.017070282078912376 0.13846742760876282 0.0018214955022159474 0.514578469103451 0.05562367841566165 22.3 0.7275613527090038
12.600000000000001 0.017070282078912376 0.13846742760876282 0.0018214955022159474 0.514578469103451 0.05562367841566165 22.3 0.7275613527090038
12.700000000000001 0.017070282078912376 0.13846742760876282 0.0018214955022159474 0.514578469103451 0.05562367841566165 22.3 0.7275613527090038
12.8 0.017070282078912376 0.13846742760876282 0.0018214955022159474 0.514578469103451 0.05562367841566165 22.3 0.7275613527090038
12.9 0.017070282078912376 0.13846742760876282 0.0018214955022159474 0.514578469103451 0.05562367841566165 22.3 0.7275613527090038
13.0 0.017070282078912376 0.13846742760876282 0.0018214955022159474 0.514578469103451 0.05562367841566165 22.3 0.7275613527090038
13.100000000000001 0.017070282078912376 0.13846742760876282 0.0018214955022159474 0.514578469103451 0.05562367841566165 22.3 0.7275613527090038
13.200000000000001 0.017070282078912376 0.13846742760876282 0.0018214955022159474 0.514578469103451 0.05562367841566165 22.3 0.7275613527090038
13.3 0.017070282078912376 0.13846742760876282 0.0018214955022159474 0.514578469103451 0.05562367841566165 22.3 0.7275613527090038
13.4 0.017070282078912376 0.13846742760876282 0.0018214955022159474 0.514578469103451 0.05562367841566165 22.3 0.7275613527090038
13.5 0.017070282078912376 0.13846742760876282 0.0018214955022159474 0.5164051431326225 0.05562367841566165 22.4 0.7293880267381754
13.600000000000001 0.017070282078912376 0.13846742760876282 0.0018214955022159474 0.5164051431326225 0.05562367841566165 22.4 0.7293880267381754
13.700000000000001 0.017070282078912376 0.13846742760876282 0.0018214955022159474 0.5164051431326225 0.05562367841566165 22.4 0.7293880267381754
13.8 0.017070282078912376 0.13846742760876282 0.0018214955022159474 0.5164051431326225 0.05562367841566165 22.4 0.7293880267381754
13.9 0.017070282078912376 0.13846742760876282 0.0018214955022159474 0.5164051431326225 0.05562367841566165 22.4 0.7293880267381754
14.0 0.017070282078912376 0.13846742760876282 0.0018214955022159474 0.5164051431326225 0.05562367841566165 22.4 0.7293880267381754
14.100000000000001 0.017070282078912376 0.13846742760876282 0.0018214955022159474 0.5164051431326225 0.05562367841566165 22.4 0.7293880267381754
14.200000000000001 0.017070282078912376 0.13846742760876282 0.0018214955022159474 0.5164051431326225 0.05562367841566165 22.4 0.7293880267381754
14.3 0.017070282078912376 0.13846742760876282 0.0018214955022159474 0.5164051431326225 0.05562367841566165 22.4 0.7293880267381754
14.4 0.017070282078912376 0.13846742760876282 0.0018214955022159474 0.5164051431326225 0.05562367841566165 22.4 0.7293880267381754
14.5 0.017070282078912376 0.13846742760876282 0.0018214955022159474 0.5164051431326225 0.05562367841566165 22.4 0.7293880267381754
14.600000000000001 0.017070282078912376 0.13636253416990737 0.0018214955022159474 0.5164051431326225 0.05562367841566165 22.3 0.7272831332993199
14.700000000000001 0.017070282078912376 0.13636253416990737 0.0018214955022159474 0.5164051431326225 0.05562367841566165 22.3 0.7272831332993199
14.8 0.017070282078912376 0.13636253416990737 0.0018214955022159474 0.5164051431326225 0.05562367841566165 22.3 0.7272831332993199
14.9 0.017070282078912376 0.13636253416990737 0.0018214955022159474 0.5164051431326225 0.05562367841566165 22.3 0.7272831332993199
15.0 0.017070282078912376 0.13636253416990737 0.0018214955022159474 0.5164051431326225 0.05562367841566165 22.3 0.7272831332993199
15.100000000000001 0.017070282078912376 0.13636253416990737 0.0018214955022159474 0.5164051431326225 0.05562367841566165 22.3 0.7272831332993199
15.200000000000001 0.017070282078912376 0.13636253416990737 0.0018214955022159474 0.5164051431326225 0.05562367841566165 22.3 0.7272831332993199
15.3 0.017070282078912376 0.13636253416990737 0.0018214955022159474 0.5184267461059016 0.05562367841566165 22.4 0.729304736272599
15.4 0.017070282078912376 0.13636253416990737 0.0018214955022159474 0.5184267461059016 0.05562367841566165 22.4 0.729304736272599
15.5 0.017070282078912376 0.13636253416990737 0.0018214955022159474 0.5200854484476151 0.05562367841566165 22.5 0.7309634386143125
15.600000000000001 0.017070282078912376 0.13636253416990737 0.0018214955022159474 0.5200854484476151 0.05562367841566165 22.5 0.7309634386143125
15.700000000000001 0.017070282078912376 0.13636253416990737 0.0018214955022159474 0.5200854484476151 0.05562367841566165 22.5 0.7309634386143125
15.8 0.017070282078912376 0.13636253416990737 0.0018214955022159474 0.5200854484476151 0.05562367841566165 22.5 0.7309634386143125
15.9 0.017070282078912376 0.13636253416990737 0.0018214955022159474 0.5200854484476151 0.05562367841566165 22.5 0.7309634386143125
16.0 0.017070282078912376 0.13636253416990737 0.0018214955022159474 0.5200854484476151 0.05562367841566165 22.5 0.7309634386143125
16.1 0.017070282078912376 0.13636253416990737 0.0018214955022159474 0.5200854484476151 0.05562367841566165 22.5 0.7309634386143125
16.2 0.017070282078912376 0.13636253416990737 0.0018214955022159474 0.5200854484476151 0.05562367841566165 22.5 0.7309634386143125
16.3 0.017070282078912376 0.13636253416990737 0.0018214955022159474 0.5200854484476151 0.05562367841566165 22.5 0.7309634386143125
16.400000000000002 0.017070282078912376 0.13636253416990737 0.0018214955022159474 0.5200854484476151 0.05562367841566165 22.5 0.7309634386143125
16.5 0.017070282078912376 0.13636253416990737 0.0018214955022159474 0.5200854484476151 0.05562367841566165 22.5 0.7309634386143125
16.6 0.017070282078912376 0.13636253416990737 0.0018214955022159474 0.5200854484476151 0.05562367841566165 22.5 0.7309634386143125
16.7 0.017070282078912376 0.1345943388191043 0.0018214955022159474 0.5200854484476151 0.05562367841566165 22.4 0.7291952432635095
16.8 0.017070282078912376 0.1345943388191043 0.0018214955022159474 0.5200854484476151 0.05562367841566165 22.4 0.7291952432635095
16.900000000000002 0.017070282078912376 0.1325496249443685 0.0018214955022159474 0.5200854484476151 0.05562367841566165 22.3 0.7271505293887736
17.0 0.017070282078912376 0.1325496249443685 0.0018214955022159474 0.5200854484476151 0.05562367841566165 22.3 0.7271505293887736
17.1 0.017070282078912376 0.1325496249443685 0.0018214955022159474 0.5200854484476151 0.05562367841566165 22.3 0.7271505293887736
17.2 0.017070282078912376 0.1325496249443685 0.0018214955022159474 0.5200854484476151 0.05562367841566165 22.3 0.7271505293887736
17.3 0.017070282078912376 0.1325496249443685 0.0018214955022159474 0.5200854484476151 0.05562367841566165 22.3 0.7271505293887736
17.400000000000002 0.017070282078912376 0.1325496249443685 0.0018214955022159474 0.5200854484476151 0.05562367841566165 22.3 0.7271505293887736
17.5 0.017070282078912376 0.1325496249443685 0.0018214955022159474 0.5200854484476151 0.05562367841566165 22.3 0.7271505293887736
17.6 0.017070282078912376 0.1325496249443685 0.0018214955022159474 0.5200854484476151 0.05562367841566165 22.3 0.7271505293887736
17.7 0.017070282078912376 0.1325496249443685 0.0018214955022159474 0.5200854484476151 0.05562367841566165 22.3 0.7271505293887736
17.8 0.017070282078912376 0.1325496249443685 0.0018214955022159474 0.5200854484476151 0.05562367841566165 22.3 0.7271505293887736
17.900000000000002 0.017070282078912376 0.1325496249443685 0.0018214955022159474 0.5219777090204 0.05562367841566165 22.4 0.7290427899615585
18.0 0.017070282078912376 0.1325496249443685 0.0018214955022159474 0.5219777090204 0.05562367841566165 22.4 0.7290427899615585
18.1 0.017070282078912376 0.1325496249443685 0.0018214955022159474 0.5219777090204 0.05562367841566165 22.4 0.7290427899615585
18.2 0.017070282078912376 0.1325496249443685 0.0018214955022159474 0.5219777090204 0.05562367841566165 22.4 0.7290427899615585
18.3 0.017070282078912376 0.1325496249443685 0.0018214955022159474 0.5219777090204 0.05562367841566165 22.4 0.7290427899615585
18.400000000000002 0.017070282078912376 0.1325496249443685 0.0018214955022159474 0.5219777090204 0.05562367841566165 22.4 0.7290427899615585
18.5 0.017070282078912376 0.1325496249443685 0.0018214955022159474 0.5219777090204 0.05562367841566165 22.4 0.7290427899615585
18.6 0.017070282078912376 0.1325496249443685 0.0018214955022159474 0.5219777090204 0.05562367841566165 22.4 0.7290427899615585
18.7 0.020179374412806816 0.1325496249443685 0.0018214955022159474 0.5219777090204 0.05562367841566165 22.5 0.7321518822954529
18.8 0.020179374412806816 0.1325496249443685 0.0018214955022159474 0.5219777090204 0.05562367841566165 22.5 0.7321518822954529
18.900000000000002 0.017308337771390743 0.1325496249443685 0.0018214955022159474 0.5237762512531421 0.05562367841566165 22.5 0.7310793878867792
19.0 0.014199245437496299 0.1325496249443685 0.0018214955022159474 0.5219777090204 0.05562367841566165 22.3 0.7261717533201425
19.1 0.014199245437496299 0.1325496249443685 0.0018214955022159474 0.5219777090204 0.05562367841566165 22.3 0.7261717533201425
19.200000000000003 0.014199245437496299 0.1348676277233321 0.0018214955022159474 0.5219777090204 0.05562367841566165 22.4 0.728489756099106
19.3 0.014199245437496299 0.1348676277233321 0.0018214955022159474 0.5219777090204 0.05562367841566165 22.4 0.728489756099106
19.400000000000002 0.014199245437496299 0.1348676277233321 0.0018214955022159474 0.5219777090204 0.05562367841566165 22.4 0.728489756099106
19.5 0.014199245437496299 0.1348676277233321 0.0018214955022159474 0.5219777090204 0.05562367841566165 22.4 0.728489756099106
19.6 0.014199245437496299 0.1348676277233321 0.0018214955022159474 0.5219777090204 0.05562367841566165 22.4 0.728489756099106
19.700000000000003 0.014199245437496299 0.1348676277233321 0.0018214955022159474 0.5219777090204 0.05562367841566165 22.4 0.728489756099106
19.8 0.014199245437496299 0.1348676277233321 0.0018214955022159474 0.5219777090204 0.05562367841566165 22.4 0.728489756099106
19.900000000000002 0.014199245437496299 0.1348676277233321 0.0018214955022159474 0.5219777090204 0.05562367841566165 22.4 0.728489756099106
20.0 0.014199245437496299 0.1348676277233321 0.0018214955022159474 0.5277371803686958 0.05562367841566165 22.6 0.7342492274474018
20.1 0.014199245437496299 0.1348676277233321 0.0018214955022159474 0.5277371803686958 0.05562367841566165 22.6 0.7342492274474018
20.200000000000003 0.014199245437496299 0.1348676277233321 0.0018214955022159474 0.5300048907019252 0.05562367841566165 22.7 0.7365169377806314
20.3 0.014199245437496299 0.1348676277233321 0.0018214955022159474 0.5300048907019252 0.05562367841566165 22.7 0.7365169377806314
20.400000000000002 0.014199245437496299 0.1348676277233321 0.0018214955022159474 0.5300048907019252 0.05562367841566165 22.7 0.7365169377806314
20.5 0.014199245437496299 0.1348676277233321 0.0018214955022159474 0.5300048907019252 0.05562367841566165 22.7 0.7365169377806314
20.6 0.014199245437496299 0.1348676277233321 0.0018214955022159474 0.5300048907019252 0.05562367841566165 22.7 0.7365169377806314
20.700000000000003 0.014199245437496299 0.1348676277233321 0.0018214955022159474 0.5300048907019252 0.05562367841566165 22.7 0.7365169377806314
20.8 0.014199245437496299 0.1348676277233321 0.0018214955022159474 0.5300048907019252 0.05562367841566165 22.7 0.7365169377806314
20.900000000000002 0.014199245437496299 0.1348676277233321 0.0018214955022159474 0.5300048907019252 0.05562367841566165 22.7 0.7365169377806314
21.0 0.014199245437496299 0.1348676277233321 0.0018214955022159474 0.5300048907019252 0.05562367841566165 22.7 0.7365169377806314
21.1 0.014199245437496299 0.1348676277233321 0.0018214955022159474 0.5300048907019252 0.05562367841566165 22.7 0.7365169377806314
21.200000000000003 0.014199245437496299 0.1367157540445237 0.0018214955022159474 0.5300048907019252 0.05562367841566165 22.8 0.7383650641018231
21.3 0.014199245437496299 0.1348676277233321 0.0018214955022159474 0.5300048907019252 0.05562367841566165 22.7 0.7365169377806314
21.400000000000002 0.014199245437496299 0.1348676277233321 0.0018214955022159474 0.5300048907019252 0.05562367841566165 22.7 0.7365169377806314
21.5 0.014199245437496299 0.1348676277233321 0.0018214955022159474 0.5323104411721256 0.05562367841566165 22.8 0.7388224882508316
21.6 0.014199245437496299 0.1348676277233321 0.0018214955022159474 0.5323104411721256 0.05562367841566165 22.8 0.7388224882508316
21.700000000000003 0.014199245437496299 0.1348676277233321 0.0018214955022159474 0.5323104411721256 0.05562367841566165 22.8 0.7388224882508316
21.8 0.014199245437496299 0.1348676277233321 0.0018214955022159474 0.5323104411721256 0.05562367841566165 22.8 0.7388224882508316
21.900000000000002 0.014199245437496299 0.1348676277233321 0.0018214955022159474 0.5323104411721256 0.05562367841566165 22.8 0.7388224882508316
22.0 0.014199245437496299 0.1348676277233321 0.0018214955022159474 0.5323104411721256 0.05562367841566165 22.8 0.7388224882508316
22.1 0.014199245437496299 0.1348676277233321 0.0018214955022159474 0.5323104411721256 0.05562367841566165 22.8 0.7388224882508316
22.200000000000003 0.014199245437496299 0.1348676277233321 0.0018214955022159474 0.5323104411721256 0.05562367841566165 22.8 0.7388224882508316
22.3 0.014199245437496299 0.1348676277233321 0.0018214955022159474 0.5323104411721256 0.05562367841566165 22.8 0.7388224882508316
22.400000000000002 0.014199245437496299 0.1348676277233321 0.0018214955022159474 0.5323104411721256 0.05562367841566165 22.8 0.7388224882508316
22.5 0.014199245437496299 0.1348676277233321 0.0018214955022159474 0.5323104411721256 0.05562367841566165 22.8 0.7388224882508316
22.6 0.014199245437496299 0.1348676277233321 0.0018214955022159474 0.5323104411721256 0.05562367841566165 22.8 0.7388224882508316
22.700000000000003 0.014199245437496299 0.1348676277233321 0.0018214955022159474 0.5323104411721256 0.05562367841566165 22.8 0.7388224882508316
22.8 0.014199245437496299 0.1348676277233321 0.0018214955022159474 0.5323104411721256 0.05562367841566165 22.8 0.7388224882508316
22.900000000000002 0.014199245437496299 0.1348676277233321 0.0018214955022159474 0.5323104411721256 0.05562367841566165 22.8 0.7388224882508316
23.0 0.014199245437496299 0.1348676277233321 0.0018214955022159474 0.5323104411721256 0.05562367841566165 22.8 0.7388224882508316
23.1 0.014199245437496299 0.1348676277233321 0.0018214955022159474 0.5323104411721256 0.05562367841566165 22.8 0.7388224882508316
23.200000000000003 0.014199245437496299 0.1348676277233321 0.0018214955022159474 0.5323104411721256 0.05562367841566165 22.8 0.7388224882508316
23.3 0.014199245437496299 0.1348676277233321 0.0018214955022159474 0.5323104411721256 0.05562367841566165 22.8 0.7388224882508316
23.400000000000002 0.014199245437496299 0.1348676277233321 0.0018214955022159474 0.5323104411721256 0.05562367841566165 22.8 0.7388224882508316
23.5 0.014199245437496299 0.1348676277233321 0.0018214955022159474 0.5323104411721256 0.05562367841566165 22.8 0.7388224882508316
23.6 0.014199245437496299 0.1348676277233321 0.0018214955022159474 0.5323104411721256 0.05562367841566165 22.8 0.7388224882508316
23.700000000000003 0.014199245437496299 0.1348676277233321 0.0018214955022159474 0.5323104411721256 0.05562367841566165 22.8 0.7388224882508316
23.8 0.014199245437496299 0.1348676277233321 0.0018214955022159474 0.5323104411721256 0.05562367841566165 22.8 0.7388224882508316
23.900000000000002 0.014199245437496299 0.1348676277233321 0.0018214955022159474 0.5323104411721256 0.05562367841566165 22.8 0.7388224882508316
24.0 0.014199245437496299 0.1348676277233321 0.0018214955022159474 0.5323104411721256 0.05562367841566165 22.8 0.7388224882508316
24.1 0.014199245437496299 0.1348676277233321 0.0018214955022159474 0.5323104411721256 0.05562367841566165 22.8 0.7388224882508316
24.200000000000003 0.014199245437496299 0.1348676277233321 0.0018214955022159474 0.5323104411721256 0.05562367841566165 22.8 0.7388224882508316
24.3 0.014199245437496299 0.1348676277233321 0.0018214955022159474 0.5323104411721256 0.05562367841566165 22.8 0.7388224882508316
24.400000000000002 0.014199245437496299 0.1348676277233321 0.0018214955022159474 0.5323104411721256 0.05562367841566165 22.8 0.7388224882508316
24.5 0.014199245437496299 0.1348676277233321 0.0018214955022159474 0.5323104411721256 0.05562367841566165 22.8 0.7388224882508316
24.6 0.014199245437496299 0.1348676277233321 0.0018214955022159474 0.5323104411721256 0.05562367841566165 22.8 0.7388224882508316
24.700000000000003 0.014199245437496299 0.1348676277233321 0.0018214955022159474 0.5323104411721256 0.05562367841566165 22.8 0.7388224882508316
24.8 0.014199245437496299 0.1348676277233321 0.0018214955022159474 0.5323104411721256 0.05562367841566165 22.8 0.7388224882508316
24.900000000000002 0.014199245437496299 0.1348676277233321 0.0018214955022159474 0.5323104411721256 0.05562367841566165 22.8 0.7388224882508316
25.0 0.014199245437496299 0.1348676277233321 0.0018214955022159474 0.5323104411721256 0.05562367841566165 22.8 0.7388224882508316
25.1 0.014199245437496299 0.1348676277233321 0.0018214955022159474 0.5323104411721256 0.05562367841566165 22.8 0.7388224882508316
25.200000000000003 0.014199245437496299 0.1348676277233321 0.0018214955022159474 0.5323104411721256 0.05562367841566165 22.8 0.7388224882508316
25.3 0.014199245437496299 0.1348676277233321 0.0018214955022159474 0.5323104411721256 0.05562367841566165 22.8 0.7388224882508316
25.400000000000002 0.014199245437496299 0.1348676277233321 0.0018214955022159474 0.5323104411721256 0.05562367841566165 22.8 0.7388224882508316
25.5 0.014199245437496299 0.1348676277233321 0.0018214955022159474 0.5323104411721256 0.05562367841566165 22.8 0.7388224882508316
25.6 0.014199245437496299 0.1348676277233321 0.0018214955022159474 0.5323104411721256 0.05562367841566165 22.8 0.7388224882508316
25.700000000000003 0.014199245437496299 0.1348676277233321 0.0018214955022159474 0.5323104411721256 0.05562367841566165 22.8 0.7388224882508316
25.8 0.014199245437496299 0.1348676277233321 0.0018214955022159474 0.5323104411721256 0.05562367841566165 22.8 0.7388224882508316
25.900000000000002 0.014199245437496299 0.1348676277233321 0.0018214955022159474 0.5323104411721256 0.05562367841566165 22.8 0.7388224882508316
26.0 0.014199245437496299 0.1348676277233321 0.0018214955022159474 0.5323104411721256 0.05562367841566165 22.8 0.7388224882508316
26.1 0.014199245437496299 0.1348676277233321 0.0018214955022159474 0.5323104411721256 0.05562367841566165 22.8 0.7388224882508316
26.200000000000003 0.014199245437496299 0.1348676277233321 0.0018214955022159474 0.5323104411721256 0.05562367841566165 22.8 0.7388224882508316
26.3 0.014199245437496299 0.1348676277233321 0.0018214955022159474 0.5323104411721256 0.05562367841566165 22.8 0.7388224882508316
26.400000000000002 0.014199245437496299 0.1348676277233321 0.0018214955022159474 0.5323104411721256 0.05562367841566165 22.8 0.7388224882508316
26.5 0.014199245437496299 0.1348676277233321 0.0018214955022159474 0.5323104411721256 0.05562367841566165 22.8 0.7388224882508316
26.6 0.014199245437496299 0.1348676277233321 0.0018214955022159474 0.5323104411721256 0.05562367841566165 22.8 0.7388224882508316
26.700000000000003 0.014199245437496299 0.1348676277233321 0.0018214955022159474 0.5323104411721256 0.05562367841566165 22.8 0.7388224882508316
26.8 0.014199245437496299 0.1348676277233321 0.0018214955022159474 0.5323104411721256 0.05562367841566165 22.8 0.7388224882508316
26.900000000000002 0.014199245437496299 0.13148390217043535 0.0018214955022159474 0.5323104411721256 0.05562367841566165 22.7 0.735438762697935
27.0 0.014199245437496299 0.13148390217043535 0.0018214955022159474 0.5323104411721256 0.05562367841566165 22.7 0.735438762697935
27.1 0.014199245437496299 0.13148390217043535 0.0018214955022159474 0.5323104411721256 0.05562367841566165 22.7 0.735438762697935
27.200000000000003 0.014199245437496299 0.13148390217043535 0.0018214955022159474 0.5323104411721256 0.05562367841566165 22.7 0.735438762697935
27.3 0.014199245437496299 0.13148390217043535 0.0018214955022159474 0.5323104411721256 0.05562367841566165 22.7 0.735438762697935
27.400000000000002 0.014199245437496299 0.13148390217043535 0.0018214955022159474 0.5379500453276069 0.05562367841566165 22.8 0.7410783668534163
27.5 0.014199245437496299 0.13148390217043535 0.0018214955022159474 0.5379500453276069 0.05562367841566165 22.8 0.7410783668534163
27.6 0.014199245437496299 0.13148390217043535 0.0018214955022159474 0.5379500453276069 0.05562367841566165 22.8 0.7410783668534163
27.700000000000003 0.014199245437496299 0.13148390217043535 0.0018214955022159474 0.5379500453276069 0.05562367841566165 22.8 0.7410783668534163
27.8 0.014199245437496299 0.13148390217043535 0.0018214955022159474 0.5379500453276069 0.05562367841566165 22.8 0.7410783668534163
27.900000000000002 0.014199245437496299 0.13148390217043535 0.0018214955022159474 0.5379500453276069 0.05562367841566165 22.8 0.7410783668534163
28.0 0.014199245437496299 0.13148390217043535 0.0018214955022159474 0.5379500453276069 0.05562367841566165 22.8 0.7410783668534163
28.1 0.014199245437496299 0.13148390217043535 0.0018214955022159474 0.5379500453276069 0.05562367841566165 22.8 0.7410783668534163
28.200000000000003 0.014199245437496299 0.13148390217043535 0.0018214955022159474 0.5379500453276069 0.05562367841566165 22.8 0.7410783668534163
28.3 0.014199245437496299 0.13148390217043535 0.0018214955022159474 0.5379500453276069 0.05562367841566165 22.8 0.7410783668534163
28.400000000000002 0.014199245437496299 0.13148390217043535 0.0018214955022159474 0.5379500453276069 0.05562367841566165 22.8 0.7410783668534163
28.5 0.014199245437496299 0.13148390217043535 0.0018214955022159474 0.5379500453276069 0.05562367841566165 22.8 0.7410783668534163
28.6 0.014199245437496299 0.13148390217043535 0.0018214955022159474 0.5379500453276069 0.05562367841566165 22.8 0.7410783668534163
28.700000000000003 0.014199245437496299 0.13148390217043535 0.0018214955022159474 0.5379500453276069 0.05562367841566165 22.8 0.7410783668534163
28.8 0.014199245437496299 0.13148390217043535 0.0018214955022159474 0.5379500453276069 0.05562367841566165 22.8 0.7410783668534163
28.900000000000002 0.014199245437496299 0.13148390217043535 0.0018214955022159474 0.5379500453276069 0.05562367841566165 22.8 0.7410783668534163
29.0 0.014199245437496299 0.13148390217043535 0.0018214955022159474 0.5379500453276069 0.05562367841566165 22.8 0.7410783668534163
29.1 0.014199245437496299 0.13148390217043535 0.0018214955022159474 0.5379500453276069 0.05562367841566165 22.8 0.7410783668534163
29.200000000000003 0.014199245437496299 0.13148390217043535 0.0018214955022159474 0.5379500453276069 0.05562367841566165 22.8 0.7410783668534163
29.3 0.014199245437496299 0.13148390217043535 0.0018214955022159474 0.5379500453276069 0.05562367841566165 22.8 0.7410783668534163
29.400000000000002 0.014199245437496299 0.13148390217043535 0.0018214955022159474 0.5379500453276069 0.05562367841566165 22.8 0.7410783668534163
29.5 0.014199245437496299 0.13148390217043535 0.0018214955022159474 0.5379500453276069 0.05562367841566165 22.8 0.7410783668534163
29.6 0.014199245437496299 0.13148390217043535 0.0018214955022159474 0.5379500453276069 0.05562367841566165 22.8 0.7410783668534163
29.700000000000003 0.014199245437496299 0.13148390217043535 0.0018214955022159474 0.5379500453276069 0.05562367841566165 22.8 0.7410783668534163
29.8 0.014199245437496299 0.13148390217043535 0.0018214955022159474 0.5379500453276069 0.05562367841566165 22.8 0.7410783668534163
29.900000000000002 0.014199245437496299 0.13148390217043535 0.0018214955022159474 0.5379500453276069 0.05562367841566165 22.8 0.7410783668534163
30.0 0.014199245437496299 0.13148390217043535 0.0018214955022159474 0.5379500453276069 0.05562367841566165 22.8 0.7410783668534163
30.1 0.014199245437496299 0.13148390217043535 0.0018214955022159474 0.5379500453276069 0.05562367841566165 22.8 0.7410783668534163
30.200000000000003 0.014199245437496299 0.13148390217043535 0.0018214955022159474 0.5379500453276069 0.05562367841566165 22.8 0.7410783668534163
30.3 0.014199245437496299 0.13148390217043535 0.0018214955022159474 0.5379500453276069 0.05562367841566165 22.8 0.7410783668534163
30.400000000000002 0.014199245437496299 0.13148390217043535 0.0018214955022159474 0.5379500453276069 0.05562367841566165 22.8 0.7410783668534163
30.5 0.014199245437496299 0.13148390217043535 0.0018214955022159474 0.5379500453276069 0.05562367841566165 22.8 0.7410783668534163
30.6 0.014199245437496299 0.13148390217043535 0.0018214955022159474 0.5379500453276069 0.05562367841566165 22.8 0.7410783668534163
30.700000000000003 0.014199245437496299 0.13148390217043535 0.0018214955022159474 0.5379500453276069 0.05562367841566165 22.8 0.7410783668534163
30.8 0.014199245437496299 0.13148390217043535 0.0018214955022159474 0.5379500453276069 0.05562367841566165 22.8 0.7410783668534163
30.900000000000002 0.014199245437496299 0.13148390217043535 0.0018214955022159474 0.5379500453276069 0.05562367841566165 22.8 0.7410783668534163
31.0 0.014199245437496299 0.13148390217043535 0.0018214955022159474 0.5379500453276069 0.05562367841566165 22.8 0.7410783668534163
31.1 0.014199245437496299 0.13148390217043535 0.0018214955022159474 0.5379500453276069 0.05562367841566165 22.8 0.7410783668534163
31.200000000000003 0.014199245437496299 0.13148390217043535 0.0018214955022159474 0.5379500453276069 0.05562367841566165 22.8 0.7410783668534163
31.3 0.014199245437496299 0.13148390217043535 0.0018214955022159474 0.5379500453276069 0.05562367841566165 22.8 0.7410783668534163
31.400000000000002 0.014199245437496299 0.13148390217043535 0.0018214955022159474 0.5379500453276069 0.05562367841566165 22.8 0.7410783668534163
31.5 0.014199245437496299 0.13148390217043535 0.0018214955022159474 0.5379500453276069 0.05562367841566165 22.8 0.7410783668534163
31.6 0.014199245437496299 0.13148390217043535 0.0018214955022159474 0.5379500453276069 0.05562367841566165 22.8 0.7410783668534163
31.700000000000003 0.014199245437496299 0.13148390217043535 0.0018214955022159474 0.5379500453276069 0.05562367841566165 22.8 0.7410783668534163
31.8 0.014199245437496299 0.13148390217043535 0.0018214955022159474 0.5379500453276069 0.05562367841566165 22.8 0.7410783668534163
31.900000000000002 0.014199245437496299 0.13148390217043535 0.0018214955022159474 0.5379500453276069 0.05562367841566165 22.8 0.7410783668534163
32.0 0.014199245437496299 0.13148390217043535 0.0018214955022159474 0.5379500453276069 0.05562367841566165 22.8 0.7410783668534163
32.1 0.014199245437496299 0.13148390217043535 0.0018214955022159474 0.5379500453276069 0.05562367841566165 22.8 0.7410783668534163
32.2 0.014199245437496299 0.13148390217043535 0.0018214955022159474 0.5379500453276069 0.05562367841566165 22.8 0.7410783668534163
32.300000000000004 0.014199245437496299 0.13148390217043535 0.0018214955022159474 0.5379500453276069 0.05562367841566165 22.8 0.7410783668534163
32.4 0.014199245437496299 0.13148390217043535 0.0018214955022159474 0.5379500453276069 0.05562367841566165 22.8 0.7410783668534163
32.5 0.014199245437496299 0.13148390217043535 0.0018214955022159474 0.5379500453276069 0.05562367841566165 22.8 0.7410783668534163
32.6 0.014199245437496299 0.13148390217043535 0.0018214955022159474 0.5379500453276069 0.05562367841566165 22.8 0.7410783668534163
32.7 0.014199245437496299 0.1335887956092908 0.0018214955022159474 0.5379500453276069 0.05562367841566165 22.9 0.7431832602922718
32.800000000000004 0.014199245437496299 0.1335887956092908 0.0018214955022159474 0.5379500453276069 0.05562367841566165 22.9 0.7431832602922718
32.9 0.014199245437496299 0.1335887956092908 0.0018214955022159474 0.5379500453276069 0.05562367841566165 22.9 0.7431832602922718
33.0 0.014199245437496299 0.1335887956092908 0.0018214955022159474 0.5379500453276069 0.05562367841566165 22.9 0.7431832602922718
33.1 0.014199245437496299 0.1335887956092908 0.0018214955022159474 0.5379500453276069 0.05562367841566165 22.9 0.7431832602922718
33.2 0.014199245437496299 0.1335887956092908 0.0018214955022159474 0.5379500453276069 0.05562367841566165 22.9 0.7431832602922718
33.300000000000004 0.014199245437496299 0.1335887956092908 0.0018214955022159474 0.5379500453276069 0.05562367841566165 22.9 0.7431832602922718
33.4 0.014199245437496299 0.1335887956092908 0.0018214955022159474 0.5379500453276069 0.05562367841566165 22.9 0.7431832602922718
33.5 0.014199245437496299 0.1335887956092908 0.0018214955022159474 0.5379500453276069 0.05562367841566165 22.9 0.7431832602922718
33.6 0.014199245437496299 0.1335887956092908 0.0018214955022159474 0.5379500453276069 0.05562367841566165 22.9 0.7431832602922718
33.7 0.014199245437496299 0.1335887956092908 0.0018214955022159474 0.5379500453276069 0.05562367841566165 22.9 0.7431832602922718
33.800000000000004 0.014199245437496299 0.1335887956092908 0.0018214955022159474 0.5379500453276069 0.05562367841566165 22.9 0.7431832602922718
33.9 0.014199245437496299 0.1335887956092908 0.0018214955022159474 0.5379500453276069 0.05562367841566165 22.9 0.7431832602922718
34.0 0.014199245437496299 0.1335887956092908 0.0018214955022159474 0.5379500453276069 0.05562367841566165 22.9 0.7431832602922718
34.1 0.014199245437496299 0.1335887956092908 0.0018214955022159474 0.5379500453276069 0.05562367841566165 22.9 0.7431832602922718
34.2 0.014199245437496299 0.1335887956092908 0.0018214955022159474 0.5379500453276069 0.05562367841566165 22.9 0.7431832602922718
34.300000000000004 0.014199245437496299 0.1335887956092908 0.0018214955022159474 0.5379500453276069 0.05562367841566165 22.9 0.7431832602922718
34.4 0.014199245437496299 0.1335887956092908 0.0018214955022159474 0.5379500453276069 0.05562367841566165 22.9 0.7431832602922718
34.5 0.014199245437496299 0.1335887956092908 0.0018214955022159474 0.5379500453276069 0.05562367841566165 22.9 0.7431832602922718
34.6 0.014199245437496299 0.1335887956092908 0.0018214955022159474 0.5379500453276069 0.05562367841566165 22.9 0.7431832602922718
34.7 0.014199245437496299 0.1335887956092908 0.0018214955022159474 0.5379500453276069 0.05562367841566165 22.9 0.7431832602922718
34.800000000000004 0.014199245437496299 0.1335887956092908 0.0018214955022159474 0.5400982566521153 0.05562367841566165 23.0 0.7453314716167803
34.9 0.014199245437496299 0.1335887956092908 0.0018214955022159474 0.5400982566521153 0.05562367841566165 23.0 0.7453314716167803
35.0 0.014199245437496299 0.1335887956092908 0.0018214955022159474 0.5400982566521153 0.05562367841566165 23.0 0.7453314716167803
35.1 0.014199245437496299 0.1335887956092908 0.0018214955022159474 0.5400982566521153 0.05562367841566165 23.0 0.7453314716167803
35.2 0.014199245437496299 0.1335887956092908 0.0018214955022159474 0.5400982566521153 0.05562367841566165 23.0 0.7453314716167803
35.300000000000004 0.014199245437496299 0.1335887956092908 0.0018214955022159474 0.5400982566521153 0.05562367841566165 23.0 0.7453314716167803
35.4 0.014199245437496299 0.1335887956092908 0.0018214955022159474 0.5400982566521153 0.05562367841566165 23.0 0.7453314716167803
35.5 0.014199245437496299 0.1335887956092908 0.0018214955022159474 0.5400982566521153 0.05562367841566165 23.0 0.7453314716167803
35.6 0.014199245437496299 0.1335887956092908 0.0018214955022159474 0.5400982566521153 0.05562367841566165 23.0 0.7453314716167803
35.7 0.014199245437496299 0.1335887956092908 0.0018214955022159474 0.5400982566521153 0.05562367841566165 23.0 0.7453314716167803
35.800000000000004 0.014199245437496299 0.1335887956092908 0.0018214955022159474 0.5400982566521153 0.05562367841566165 23.0 0.7453314716167803
35.9 0.014199245437496299 0.1335887956092908 0.0018214955022159474 0.5400982566521153 0.05562367841566165 23.0 0.7453314716167803
36.0 0.014199245437496299 0.1335887956092908 0.0018214955022159474 0.5400982566521153 0.05562367841566165 23.0 0.7453314716167803
36.1 0.014199245437496299 0.1335887956092908 0.0018214955022159474 0.5400982566521153 0.05562367841566165 23.0 0.7453314716167803
36.2 0.014199245437496299 0.1335887956092908 0.0018214955022159474 0.5400982566521153 0.05562367841566165 23.0 0.7453314716167803
36.300000000000004 0.014199245437496299 0.1335887956092908 0.0018214955022159474 0.5400982566521153 0.05562367841566165 23.0 0.7453314716167803
36.4 0.014199245437496299 0.1335887956092908 0.0018214955022159474 0.5400982566521153 0.05562367841566165 23.0 0.7453314716167803
36.5 0.014199245437496299 0.1335887956092908 0.0018214955022159474 0.5400982566521153 0.05562367841566165 23.0 0.7453314716167803
36.6 0.014199245437496299 0.1335887956092908 0.0018214955022159474 0.5400982566521153 0.05562367841566165 23.0 0.7453314716167803
36.7 0.014199245437496299 0.1335887956092908 0.0018214955022159474 0.5400982566521153 0.05562367841566165 23.0 0.7453314716167803
36.800000000000004 0.014199245437496299 0.1335887956092908 0.0018214955022159474 0.5400982566521153 0.05562367841566165 23.0 0.7453314716167803
36.9 0.014199245437496299 0.1335887956092908 0.0018214955022159474 0.5400982566521153 0.05562367841566165 23.0 0.7453314716167803
37.0 0.014199245437496299 0.1335887956092908 0.0018214955022159474 0.5400982566521153 0.05562367841566165 23.0 0.7453314716167803
37.1 0.014199245437496299 0.1335887956092908 0.0018214955022159474 0.5400982566521153 0.05562367841566165 23.0 0.7453314716167803
37.2 0.014199245437496299 0.1335887956092908 0.0018214955022159474 0.5400982566521153 0.05562367841566165 23.0 0.7453314716167803
37.300000000000004 0.014199245437496299 0.13561382795096547 0.0018214955022159474 0.5400982566521153 0.05562367841566165 23.1 0.7473565039584549
37.4 0.014199245437496299 0.13561382795096547 0.0018214955022159474 0.5400982566521153 0.05562367841566165 23.1 0.7473565039584549
37.5 0.014199245437496299 0.13561382795096547 0.0018214955022159474 0.5400982566521153 0.05562367841566165 23.1 0.7473565039584549
37.6 0.014199245437496299 0.13561382795096547 0.0018214955022159474 0.5400982566521153 0.05562367841566165 23.1 0.7473565039584549
37.7 0.014199245437496299 0.13561382795096547 0.0018214955022159474 0.5400982566521153 0.05562367841566165 23.1 0.7473565039584549
37.800000000000004 0.014199245437496299 0.13561382795096547 0.0018214955022159474 0.5400982566521153 0.05562367841566165 23.1 0.7473565039584549
37.9 0.014199245437496299 0.13561382795096547 0.0018214955022159474 0.5400982566521153 0.05562367841566165 23.1 0.7473565039584549
38.0 0.014199245437496299 0.13561382795096547 0.0018214955022159474 0.5400982566521153 0.05562367841566165 23.1 0.7473565039584549
38.1 0.014199245437496299 0.13561382795096547 0.0018214955022159474 0.5400982566521153 0.05562367841566165 23.1 0.7473565039584549
38.2 0.014199245437496299 0.13561382795096547 0.0018214955022159474 0.5400982566521153 0.05562367841566165 23.1 0.7473565039584549
38.300000000000004 0.014199245437496299 0.13561382795096547 0.0018214955022159474 0.5400982566521153 0.05562367841566165 23.1 0.7473565039584549
38.400000000000006 0.014199245437496299 0.13561382795096547 0.0018214955022159474 0.5400982566521153 0.05562367841566165 23.1 0.7473565039584549
38.5 0.014199245437496299 0.13561382795096547 0.0018214955022159474 0.5400982566521153 0.05562367841566165 23.1 0.7473565039584549
38.6 0.014199245437496299 0.13561382795096547 0.0018214955022159474 0.5400982566521153 0.05562367841566165 23.1 0.7473565039584549
38.7 0.014199245437496299 0.13561382795096547 0.0018214955022159474 0.5400982566521153 0.05562367841566165 23.1 0.7473565039584549
38.800000000000004 0.014199245437496299 0.13561382795096547 0.0018214955022159474 0.5400982566521153 0.05562367841566165 23.1 0.7473565039584549
38.900000000000006 0.014199245437496299 0.13561382795096547 0.0018214955022159474 0.5400982566521153 0.05562367841566165 23.1 0.7473565039584549
39.0 0.014199245437496299 0.13561382795096547 0.0018214955022159474 0.5400982566521153 0.05562367841566165 23.1 0.7473565039584549
39.1 0.014199245437496299 0.13561382795096547 0.0018214955022159474 0.5400982566521153 0.05562367841566165 23.1 0.7473565039584549
39.2 0.014199245437496299 0.13561382795096547 0.0018214955022159474 0.5400982566521153 0.05562367841566165 23.1 0.7473565039584549
39.300000000000004 0.014199245437496299 0.13561382795096547 0.0018214955022159474 0.5400982566521153 0.05562367841566165 23.1 0.7473565039584549
39.400000000000006 0.014199245437496299 0.13561382795096547 0.0018214955022159474 0.5400982566521153 0.05562367841566165 23.1 0.7473565039584549
39.5 0.014199245437496299 0.1335887956092908 0.0018214955022159474 0.5400982566521153 0.05562367841566165 23.0 0.7453314716167803
39.6 0.014199245437496299 0.1335887956092908 0.0018214955022159474 0.5400982566521153 0.05562367841566165 23.0 0.7453314716167803
39.7 0.014199245437496299 0.1335887956092908 0.0018214955022159474 0.5400982566521153 0.05562367841566165 23.0 0.7453314716167803
39.800000000000004 0.014199245437496299 0.1335887956092908 0.0018214955022159474 0.5400982566521153 0.05562367841566165 23.0 0.7453314716167803
39.900000000000006 0.014199245437496299 0.1335887956092908 0.0018214955022159474 0.5400982566521153 0.05562367841566165 23.0 0.7453314716167803
40.0 0.014199245437496299 0.1335887956092908 0.0018214955022159474 0.5400982566521153 0.05562367841566165 23.0 0.7453314716167803
40.1 0.014199245437496299 0.1335887956092908 0.0018214955022159474 0.5400982566521153 0.05562367841566165 23.0 0.7453314716167803
40.2 0.014199245437496299 0.1335887956092908 0.0018214955022159474 0.5400982566521153 0.05562367841566165 23.0 0.7453314716167803
40.300000000000004 0.014199245437496299 0.1335887956092908 0.0018214955022159474 0.5400982566521153 0.05562367841566165 23.0 0.7453314716167803
40.400000000000006 0.014199245437496299 0.1335887956092908 0.0018214955022159474 0.5400982566521153 0.05562367841566165 23.0 0.7453314716167803
40.5 0.014199245437496299 0.1335887956092908 0.0018214955022159474 0.5400982566521153 0.05562367841566165 23.0 0.7453314716167803
40.6 0.014199245437496299 0.1335887956092908 0.0018214955022159474 0.5400982566521153 0.05562367841566165 23.0 0.7453314716167803
40.7 0.014199245437496299 0.1335887956092908 0.0018214955022159474 0.5400982566521153 0.05562367841566165 23.0 0.7453314716167803
40.800000000000004 0.014199245437496299 0.1335887956092908 0.0018214955022159474 0.5400982566521153 0.05562367841566165 23.0 0.7453314716167803
40.900000000000006 0.014199245437496299 0.1335887956092908 0.0018214955022159474 0.5400982566521153 0.05562367841566165 23.0 0.7453314716167803
41.0 0.014199245437496299 0.1335887956092908 0.0018214955022159474 0.5400982566521153 0.05562367841566165 23.0 0.7453314716167803
41.1 0.014199245437496299 0.1335887956092908 0.0018214955022159474 0.5400982566521153 0.05562367841566165 23.0 0.7453314716167803
41.2 0.014199245437496299 0.13543217068688304 0.0018214955022159474 0.5400982566521153 0.05562367841566165 23.1 0.7471748466943724
41.300000000000004 0.014199245437496299 0.13543217068688304 0.0018214955022159474 0.5400982566521153 0.05562367841566165 23.1 0.7471748466943724
41.400000000000006 0.014199245437496299 0.13543217068688304 0.0018214955022159474 0.5400982566521153 0.05562367841566165 23.1 0.7471748466943724
41.5 0.014199245437496299 0.13543217068688304 0.0018214955022159474 0.5400982566521153 0.05562367841566165 23.1 0.7471748466943724
41.6 0.014199245437496299 0.13543217068688304 0.0018214955022159474 0.5400982566521153 0.05562367841566165 23.1 0.7471748466943724
41.7 0.014199245437496299 0.13543217068688304 0.0018214955022159474 0.5400982566521153 0.05562367841566165 23.1 0.7471748466943724
41.800000000000004 0.014199245437496299 0.13543217068688304 0.0018214955022159474 0.5400982566521153 0.05562367841566165 23.1 0.7471748466943724
41.900000000000006 0.014199245437496299 0.13543217068688304 0.0018214955022159474 0.5400982566521153 0.05562367841566165 23.1 0.7471748466943724
42.0 0.014199245437496299 0.13543217068688304 0.0018214955022159474 0.5400982566521153 0.05562367841566165 23.1 0.7471748466943724
42.1 0.014199245437496299 0.13543217068688304 0.0018214955022159474 0.5400982566521153 0.05562367841566165 23.1 0.7471748466943724
42.2 0.014199245437496299 0.13543217068688304 0.0018214955022159474 0.5400982566521153 0.05562367841566165 23.1 0.7471748466943724
42.300000000000004 0.014199245437496299 0.13543217068688304 0.0018214955022159474 0.5400982566521153 0.05562367841566165 23.1 0.7471748466943724
42.400000000000006 0.014199245437496299 0.13543217068688304 0.0018214955022159474 0.5400982566521153 0.05562367841566165 23.1 0.7471748466943724
42.5 0.014199245437496299 0.13543217068688304 0.0018214955022159474 0.5400982566521153 0.05562367841566165 23.1 0.7471748466943724
42.6 0.014199245437496299 0.13543217068688304 0.0018214955022159474 0.5400982566521153 0.05562367841566165 23.1 0.7471748466943724
42.7 0.014199245437496299 0.13543217068688304 0.0018214955022159474 0.5400982566521153 0.05562367841566165 23.1 0.7471748466943724
42.800000000000004 0.014199245437496299 0.13543217068688304 0.0018214955022159474 0.5400982566521153 0.05562367841566165 23.1 0.7471748466943724
42.900000000000006 0.014199245437496299 0.13543217068688304 0.0018214955022159474 0.5400982566521153 0.05562367841566165 23.1 0.7471748466943724
43.0 0.014199245437496299 0.13543217068688304 0.0018214955022159474 0.5400982566521153 0.05562367841566165 23.1 0.7471748466943724
43.1 0.014199245437496299 0.13543217068688304 0.0018214955022159474 0.5400982566521153 0.05562367841566165 23.1 0.7471748466943724
43.2 0.014199245437496299 0.13543217068688304 0.0018214955022159474 0.5400982566521153 0.05562367841566165 23.1 0.7471748466943724
43.300000000000004 0.014199245437496299 0.13543217068688304 0.0018214955022159474 0.5400982566521153 0.05562367841566165 23.1 0.7471748466943724
43.400000000000006 0.014199245437496299 0.13543217068688304 0.0018214955022159474 0.5400982566521153 0.05562367841566165 23.1 0.7471748466943724
43.5 0.014199245437496299 0.13543217068688304 0.0018214955022159474 0.5400982566521153 0.05562367841566165 23.1 0.7471748466943724
43.6 0.014199245437496299 0.13543217068688304 0.0018214955022159474 0.5400982566521153 0.05562367841566165 23.1 0.7471748466943724
43.7 0.014199245437496299 0.13543217068688304 0.0018214955022159474 0.5400982566521153 0.05562367841566165 23.1 0.7471748466943724
43.800000000000004 0.014199245437496299 0.13543217068688304 0.0018214955022159474 0.5400982566521153 0.05562367841566165 23.1 0.7471748466943724
43.900000000000006 0.014199245437496299 0.13543217068688304 0.0018214955022159474 0.5400982566521153 0.05562367841566165 23.1 0.7471748466943724
44.0 0.014199245437496299 0.13543217068688304 0.0018214955022159474 0.5400982566521153 0.05562367841566165 23.1 0.7471748466943724
44.1 0.014199245437496299 0.13543217068688304 0.0018214955022159474 0.5400982566521153 0.05562367841566165 23.1 0.7471748466943724
44.2 0.014199245437496299 0.13543217068688304 0.0018214955022159474 0.5400982566521153 0.05562367841566165 23.1 0.7471748466943724
44.300000000000004 0.014199245437496299 0.13543217068688304 0.0018214955022159474 0.5400982566521153 0.05562367841566165 23.1 0.7471748466943724
44.400000000000006 0.014199245437496299 0.13543217068688304 0.0018214955022159474 0.5400982566521153 0.05562367841566165 23.1 0.7471748466943724
44.5 0.014199245437496299 0.13543217068688304 0.0018214955022159474 0.5400982566521153 0.05562367841566165 23.1 0.7471748466943724
44.6 0.014199245437496299 0.13543217068688304 0.0018214955022159474 0.5400982566521153 0.05562367841566165 23.1 0.7471748466943724
44.7 0.014199245437496299 0.13543217068688304 0.0018214955022159474 0.5400982566521153 0.05562367841566165 23.1 0.7471748466943724
44.800000000000004 0.014199245437496299 0.13543217068688304 0.0018214955022159474 0.5400982566521153 0.05562367841566165 23.1 0.7471748466943724
44.900000000000006 0.014199245437496299 0.13543217068688304 0.0018214955022159474 0.5400982566521153 0.05273286207384702 23.0 0.7442840303525579
45.0 0.014199245437496299 0.13543217068688304 0.0018214955022159474 0.5400982566521153 0.05273286207384702 23.0 0.7442840303525579
45.1 0.014199245437496299 0.13543217068688304 0.0018214955022159474 0.5400982566521153 0.05273286207384702 23.0 0.7442840303525579
45.2 0.014199245437496299 0.13543217068688304 0.0018214955022159474 0.5369588322230711 0.05273286207384702 22.9 0.7411446059235136
45.300000000000004 0.014199245437496299 0.13543217068688304 0.0018214955022159474 0.5369588322230711 0.05273286207384702 22.9 0.7411446059235136
45.400000000000006 0.014199245437496299 0.13543217068688304 0.0018214955022159474 0.5369588322230711 0.05273286207384702 22.9 0.7411446059235136
45.5 0.014199245437496299 0.13543217068688304 0.0018214955022159474 0.5369588322230711 0.05273286207384702 22.9 0.7411446059235136
45.6 0.014199245437496299 0.13543217068688304 0.0018214955022159474 0.5369588322230711 0.05273286207384702 22.9 0.7411446059235136
45.7 0.014199245437496299 0.13543217068688304 0.0018214955022159474 0.5369588322230711 0.05273286207384702 22.9 0.7411446059235136
45.800000000000004 0.014199245437496299 0.13543217068688304 0.0018214955022159474 0.5369588322230711 0.05273286207384702 22.9 0.7411446059235136
45.900000000000006 0.014199245437496299 0.13543217068688304 0.0018214955022159474 0.5369588322230711 0.05273286207384702 22.9 0.7411446059235136
46.0 0.014199245437496299 0.13543217068688304 0.0018214955022159474 0.5369588322230711 0.05273286207384702 22.9 0.7411446059235136
46.1 0.014199245437496299 0.13543217068688304 0.0018214955022159474 0.5369588322230711 0.05273286207384702 22.9 0.7411446059235136
46.2 0.014199245437496299 0.13543217068688304 0.0018214955022159474 0.5369588322230711 0.05273286207384702 22.9 0.7411446059235136
46.300000000000004 0.014199245437496299 0.13543217068688304 0.0018214955022159474 0.5369588322230711 0.05273286207384702 22.9 0.7411446059235136
46.400000000000006 0.014199245437496299 0.13543217068688304 0.0018214955022159474 0.539392493702927 0.05273286207384702 23.0 0.7435782674033694
46.5 0.014199245437496299 0.13543217068688304 0.0018214955022159474 0.539392493702927 0.05273286207384702 23.0 0.7435782674033694
46.6 0.014199245437496299 0.13543217068688304 0.0018214955022159474 0.539392493702927 0.05273286207384702 23.0 0.7435782674033694
46.7 0.014199245437496299 0.13543217068688304 0.0018214955022159474 0.539392493702927 0.05273286207384702 23.0 0.7435782674033694
46.800000000000004 0.014199245437496299 0.13543217068688304 0.0018214955022159474 0.541209468681599 0.05273286207384702 23.1 0.7453952423820416
46.900000000000006 0.014199245437496299 0.13543217068688304 0.0018214955022159474 0.541209468681599 0.05273286207384702 23.1 0.7453952423820416
47.0 0.014199245437496299 0.13543217068688304 0.0018214955022159474 0.541209468681599 0.05273286207384702 23.1 0.7453952423820416
47.1 0.014199245437496299 0.13543217068688304 0.0018214955022159474 0.541209468681599 0.05273286207384702 23.1 0.7453952423820416
47.2 0.014199245437496299 0.13543217068688304 0.0018214955022159474 0.541209468681599 0.05273286207384702 23.1 0.7453952423820416
47.300000000000004 0.014199245437496299 0.1333180320410946 0.0018214955022159474 0.541209468681599 0.05273286207384702 23.0 0.7432811037362531
47.400000000000006 0.014199245437496299 0.1333180320410946 0.0018214955022159474 0.541209468681599 0.056308394601134 23.1 0.74685663626354
47.5 0.014199245437496299 0.1333180320410946 0.0018214955022159474 0.541209468681599 0.056308394601134 23.1 0.74685663626354
47.6 0.014199245437496299 0.1333180320410946 0.0018214955022159474 0.541209468681599 0.056308394601134 23.1 0.74685663626354
47.7 0.014199245437496299 0.13120389339530616 0.0018214955022159474 0.541209468681599 0.056308394601134 23.0 0.7447424976177517
47.800000000000004 0.014199245437496299 0.13120389339530616 0.0018214955022159474 0.541209468681599 0.056308394601134 23.0 0.7447424976177517
47.900000000000006 0.014199245437496299 0.13120389339530616 0.0018214955022159474 0.541209468681599 0.056308394601134 23.0 0.7447424976177517
48.0 0.014199245437496299 0.13120389339530616 0.0018214955022159474 0.541209468681599 0.056308394601134 23.0 0.7447424976177517
48.1 0.014199245437496299 0.13120389339530616 0.0018214955022159474 0.541209468681599 0.056308394601134 23.0 0.7447424976177517
48.2 0.014199245437496299 0.13120389339530616 0.0018214955022159474 0.541209468681599 0.056308394601134 23.0 0.7447424976177517
48.300000000000004 0.014199245437496299 0.13120389339530616 0.0018214955022159474 0.541209468681599 0.056308394601134 23.0 0.7447424976177517
48.400000000000006 0.014199245437496299 0.13120389339530616 0.0018214955022159474 0.5444673379137024 0.056308394601134 23.1 0.7480003668498549
48.5 0.014199245437496299 0.13120389339530616 0.0018214955022159474 0.5444673379137024 0.056308394601134 23.1 0.7480003668498549
48.6 0.014199245437496299 0.13120389339530616 0.0018214955022159474 0.5444673379137024 0.056308394601134 23.1 0.7480003668498549
48.7 0.014199245437496299 0.13120389339530616 0.0018214955022159474 0.5444673379137024 0.056308394601134 23.1 0.7480003668498549
48.800000000000004 0.014199245437496299 0.13120389339530616 0.0018214955022159474 0.5444673379137024 0.056308394601134 23.1 0.7480003668498549
48.900000000000006 0.014199245437496299 0.13120389339530616 0.0018214955022159474 0.5444673379137024 0.056308394601134 23.1 0.7480003668498549
49.0 0.014199245437496299 0.13120389339530616 0.0018214955022159474 0.5444673379137024 0.056308394601134 23.1 0.7480003668498549
49.1 0.014199245437496299 0.13120389339530616 0.0018214955022159474 0.5444673379137024 0.056308394601134 23.1 0.7480003668498549
49.2 0.014199245437496299 0.13120389339530616 0.0018214955022159474 0.5444673379137024 0.056308394601134 23.1 0.7480003668498549
49.300000000000004 0.014199245437496299 0.13120389339530616 0.0018214955022159474 0.5444673379137024 0.056308394601134 23.1 0.7480003668498549
49.400000000000006 0.014199245437496299 0.13120389339530616 0.0018214955022159474 0.5444673379137024 0.056308394601134 23.1 0.7480003668498549
49.5 0.014199245437496299 0.13120389339530616 0.0018214955022159474 0.5444673379137024 0.056308394601134 23.1 0.7480003668498549
49.6 0.014199245437496299 0.13120389339530616 0.0018214955022159474 0.5444673379137024 0.056308394601134 23.1 0.7480003668498549
49.7 0.014199245437496299 0.13120389339530616 0.0018214955022159474 0.5444673379137024 0.056308394601134 23.1 0.7480003668498549
49.800000000000004 0.014199245437496299 0.13120389339530616 0.0018214955022159474 0.5444673379137024 0.056308394601134 23.1 0.7480003668498549
49.900000000000006 0.014199245437496299 0.13120389339530616 0.0018214955022159474 0.5444673379137024 0.056308394601134 23.1 0.7480003668498549
50.0 0.014199245437496299 0.13120389339530616 0.0018214955022159474 0.5444673379137024 0.056308394601134 23.1 0.7480003668498549
50.1 0.014199245437496299 0.13120389339530616 0.0018214955022159474 0.5444673379137024 0.056308394601134 23.1 0.7480003668498549
50.2 0.014199245437496299 0.13120389339530616 0.0018214955022159474 0.5444673379137024 0.056308394601134 23.1 0.7480003668498549
50.300000000000004 0.014199245437496299 0.13120389339530616 0.0018214955022159474 0.5444673379137024 0.056308394601134 23.1 0.7480003668498549
50.400000000000006 0.014199245437496299 0.13120389339530616 0.0018214955022159474 0.5444673379137024 0.056308394601134 23.1 0.7480003668498549
50.5 0.014199245437496299 0.13120389339530616 0.0018214955022159474 0.541209468681599 0.056308394601134 23.0 0.7447424976177517
50.6 0.014199245437496299 0.13120389339530616 0.0018214955022159474 0.5450376065290098 0.056308394601134 23.1 0.7485706354651624
50.7 0.014199245437496299 0.13120389339530616 0.0018214955022159474 0.5450376065290098 0.056308394601134 23.1 0.7485706354651624
50.800000000000004 0.014199245437496299 0.13120389339530616 0.0018214955022159474 0.5450376065290098 0.056308394601134 23.1 0.7485706354651624
50.900000000000006 0.014199245437496299 0.13120389339530616 0.0018214955022159474 0.5450376065290098 0.056308394601134 23.1 0.7485706354651624
51.0 0.014199245437496299 0.13120389339530616 0.0018214955022159474 0.5450376065290098 0.056308394601134 23.1 0.7485706354651624
51.1 0.014199245437496299 0.13120389339530616 0.0018214955022159474 0.5450376065290098 0.056308394601134 23.1 0.7485706354651624
51.2 0.014199245437496299 0.13120389339530616 0.0018214955022159474 0.5450376065290098 0.056308394601134 23.1 0.7485706354651624
51.300000000000004 0.014199245437496299 0.13120389339530616 0.0018214955022159474 0.5450376065290098 0.056308394601134 23.1 0.7485706354651624
51.400000000000006 0.014199245437496299 0.13120389339530616 0.0018214955022159474 0.5467596308958378 0.056308394601134 23.2 0.7502926598319904
51.5 0.014199245437496299 0.13120389339530616 0.0018214955022159474 0.5467596308958378 0.056308394601134 23.2 0.7502926598319904
51.6 0.014199245437496299 0.13120389339530616 0.0018214955022159474 0.5467596308958378 0.056308394601134 23.2 0.7502926598319904
51.7 0.014199245437496299 0.13120389339530616 0.0018214955022159474 0.5467596308958378 0.056308394601134 23.2 0.7502926598319904
51.800000000000004 0.014199245437496299 0.13120389339530616 0.0018214955022159474 0.5467596308958378 0.056308394601134 23.2 0.7502926598319904
51.900000000000006 0.014199245437496299 0.13120389339530616 0.0018214955022159474 0.5467596308958378 0.056308394601134 23.2 0.7502926598319904
52.0 0.014199245437496299 0.13120389339530616 0.0018214955022159474 0.5467596308958378 0.056308394601134 23.2 0.7502926598319904
52.1 0.014199245437496299 0.13120389339530616 0.0018214955022159474 0.5467596308958378 0.056308394601134 23.2 0.7502926598319904
52.2 0.014199245437496299 0.13120389339530616 0.0018214955022159474 0.5467596308958378 0.056308394601134 23.2 0.7502926598319904
52.300000000000004 0.014199245437496299 0.13120389339530616 0.0018214955022159474 0.5467596308958378 0.056308394601134 23.2 0.7502926598319904
52.400000000000006 0.014199245437496299 0.13120389339530616 0.0018214955022159474 0.5467596308958378 0.056308394601134 23.2 0.7502926598319904
52.5 0.014199245437496299 0.13120389339530616 0.0018214955022159474 0.5467596308958378 0.056308394601134 23.2 0.7502926598319904
52.6 0.014199245437496299 0.13120389339530616 0.0018214955022159474 0.5467596308958378 0.056308394601134 23.2 0.7502926598319904
52.7 0.014199245437496299 0.13120389339530616 0.0018214955022159474 0.5467596308958378 0.056308394601134 23.2 0.7502926598319904
52.800000000000004 0.014199245437496299 0.13120389339530616 0.0018214955022159474 0.5467596308958378 0.056308394601134 23.2 0.7502926598319904
52.900000000000006 0.014199245437496299 0.13120389339530616 0.0018214955022159474 0.5467596308958378 0.056308394601134 23.2 0.7502926598319904
53.0 0.014199245437496299 0.13120389339530616 0.0018214955022159474 0.5467596308958378 0.056308394601134 23.2 0.7502926598319904
53.1 0.014199245437496299 0.13120389339530616 0.0018214955022159474 0.5467596308958378 0.056308394601134 23.2 0.7502926598319904
53.2 0.014199245437496299 0.13120389339530616 0.0018214955022159474 0.5467596308958378 0.056308394601134 23.2 0.7502926598319904
53.300000000000004 0.014199245437496299 0.13120389339530616 0.0018214955022159474 0.5467596308958378 0.056308394601134 23.2 0.7502926598319904
53.400000000000006 0.014199245437496299 0.13120389339530616 0.0018214955022159474 0.5467596308958378 0.056308394601134 23.2 0.7502926598319904
53.5 0.014199245437496299 0.13120389339530616 0.0018214955022159474 0.5467596308958378 0.056308394601134 23.2 0.7502926598319904
53.6 0.014199245437496299 0.13120389339530616 0.0018214955022159474 0.5467596308958378 0.056308394601134 23.2 0.7502926598319904
53.7 0.014199245437496299 0.13120389339530616 0.0018214955022159474 0.5467596308958378 0.056308394601134 23.2 0.7502926598319904
53.800000000000004 0.014199245437496299 0.13120389339530616 0.0018214955022159474 0.5467596308958378 0.056308394601134 23.2 0.7502926598319904
53.900000000000006 0.014199245437496299 0.13120389339530616 0.0018214955022159474 0.5467596308958378 0.056308394601134 23.2 0.7502926598319904
54.0 0.014199245437496299 0.13120389339530616 0.0018214955022159474 0.5467596308958378 0.056308394601134 23.2 0.7502926598319904
54.1 0.014199245437496299 0.13120389339530616 0.0018214955022159474 0.5467596308958378 0.056308394601134 23.2 0.7502926598319904
54.2 0.014199245437496299 0.13120389339530616 0.0018214955022159474 0.5467596308958378 0.056308394601134 23.2 0.7502926598319904
54.300000000000004 0.014199245437496299 0.13120389339530616 0.0018214955022159474 0.5467596308958378 0.056308394601134 23.2 0.7502926598319904
54.400000000000006 0.014199245437496299 0.12780641454746464 0.0018214955022159474 0.5467596308958378 0.056308394601134 23.1 0.7468951809841489
54.5 0.014199245437496299 0.12780641454746464 0.0018214955022159474 0.5467596308958378 0.056308394601134 23.1 0.7468951809841489
54.6 0.011613126376971261 0.12780641454746464 0.0018214955022159474 0.5467596308958378 0.056308394601134 23.0 0.7443090619236237
54.7 0.011613126376971261 0.12780641454746464 0.0018214955022159474 0.5467596308958378 0.056308394601134 23.0 0.7443090619236237
54.800000000000004 0.011613126376971261 0.12780641454746464 0.0018214955022159474 0.5437686743660779 0.056308394601134 22.9 0.7413181053938638
54.900000000000006 0.011613126376971261 0.12780641454746464 0.0018214955022159474 0.5437686743660779 0.056308394601134 22.9 0.7413181053938638
55.0 0.011613126376971261 0.12780641454746464 0.0018214955022159474 0.5437686743660779 0.056308394601134 22.9 0.7413181053938638
55.1 0.011613126376971261 0.12780641454746464 0.0018214955022159474 0.5437686743660779 0.056308394601134 22.9 0.7413181053938638
55.2 0.011613126376971261 0.12780641454746464 0.0018214955022159474 0.5437686743660779 0.056308394601134 22.9 0.7413181053938638
55.300000000000004 0.011613126376971261 0.12780641454746464 0.0018214955022159474 0.5457449695563219 0.056308394601134 23.0 0.7432944005841078
55.400000000000006 0.011613126376971261 0.12780641454746464 0.0018214955022159474 0.5457449695563219 0.056308394601134 23.0 0.7432944005841078
55.5 0.011613126376971261 0.12780641454746464 0.0018214955022159474 0.5457449695563219 0.056308394601134 23.0 0.7432944005841078
55.6 0.011613126376971261 0.12780641454746464 0.0018214955022159474 0.5457449695563219 0.056308394601134 23.0 0.7432944005841078
55.7 0.011613126376971261 0.12780641454746464 0.0018214955022159474 0.5457449695563219 0.056308394601134 23.0 0.7432944005841078
55.800000000000004 0.011613126376971261 0.12780641454746464 0.0018214955022159474 0.5457449695563219 0.056308394601134 23.0 0.7432944005841078
55.900000000000006 0.011613126376971261 0.12780641454746464 0.0018214955022159474 0.5457449695563219 0.056308394601134 23.0 0.7432944005841078
56.0 0.011613126376971261 0.12780641454746464 0.0018214955022159474 0.5457449695563219 0.056308394601134 23.0 0.7432944005841078
56.1 0.011613126376971261 0.12780641454746464 0.0018214955022159474 0.5482978569426169 0.056308394601134 23.1 0.7458472879704028
56.2 0.011613126376971261 0.12780641454746464 0.0018214955022159474 0.5482978569426169 0.056308394601134 23.1 0.7458472879704028
56.300000000000004 0.011613126376971261 0.12780641454746464 0.0018214955022159474 0.5482978569426169 0.056308394601134 23.1 0.7458472879704028
56.400000000000006 0.011613126376971261 0.12780641454746464 0.0018214955022159474 0.5482978569426169 0.056308394601134 23.1 0.7458472879704028
56.5 0.011613126376971261 0.12780641454746464 0.0018214955022159474 0.5482978569426169 0.056308394601134 23.1 0.7458472879704028
56.6 0.011613126376971261 0.12780641454746464 0.0018214955022159474 0.5482978569426169 0.056308394601134 23.1 0.7458472879704028
56.7 0.011613126376971261 0.12780641454746464 0.0018214955022159474 0.5482978569426169 0.056308394601134 23.1 0.7458472879704028
56.800000000000004 0.011613126376971261 0.12780641454746464 0.0018214955022159474 0.5482978569426169 0.056308394601134 23.1 0.7458472879704028
56.900000000000006 0.011613126376971261 0.12780641454746464 0.0018214955022159474 0.5482978569426169 0.056308394601134 23.1 0.7458472879704028
57.0 0.011613126376971261 0.12780641454746464 0.0018214955022159474 0.5482978569426169 0.056308394601134 23.1 0.7458472879704028
57.1 0.011613126376971261 0.12780641454746464 0.0018214955022159474 0.5482978569426169 0.056308394601134 23.1 0.7458472879704028
57.2 0.011613126376971261 0.12780641454746464 0.0018214955022159474 0.5482978569426169 0.056308394601134 23.1 0.7458472879704028
57.300000000000004 0.011613126376971261 0.12780641454746464 0.0018214955022159474 0.5482978569426169 0.056308394601134 23.1 0.7458472879704028
57.400000000000006 0.011613126376971261 0.12780641454746464 0.0018214955022159474 0.5482978569426169 0.056308394601134 23.1 0.7458472879704028
57.5 0.011613126376971261 0.12780641454746464 0.0018214955022159474 0.5482978569426169 0.056308394601134 23.1 0.7458472879704028
57.6 0.011613126376971261 0.12780641454746464 0.0018214955022159474 0.5482978569426169 0.056308394601134 23.1 0.7458472879704028
57.7 0.011613126376971261 0.12780641454746464 0.0018214955022159474 0.5482978569426169 0.056308394601134 23.1 0.7458472879704028
57.800000000000004 0.011613126376971261 0.12780641454746464 0.0018214955022159474 0.5482978569426169 0.056308394601134 23.1 0.7458472879704028
57.900000000000006 0.011613126376971261 0.12780641454746464 0.0018214955022159474 0.5482978569426169 0.056308394601134 23.1 0.7458472879704028
58.0 0.011613126376971261 0.12780641454746464 0.0018214955022159474 0.5482978569426169 0.056308394601134 23.1 0.7458472879704028
58.1 0.011613126376971261 0.12780641454746464 0.0018214955022159474 0.5482978569426169 0.056308394601134 23.1 0.7458472879704028
58.2 0.011613126376971261 0.12780641454746464 0.0018214955022159474 0.5482978569426169 0.056308394601134 23.1 0.7458472879704028
58.300000000000004 0.011613126376971261 0.12780641454746464 0.0018214955022159474 0.5482978569426169 0.056308394601134 23.1 0.7458472879704028
58.400000000000006 0.011613126376971261 0.12780641454746464 0.0018214955022159474 0.5482978569426169 0.056308394601134 23.1 0.7458472879704028
58.5 0.011613126376971261 0.12780641454746464 0.0018214955022159474 0.5482978569426169 0.056308394601134 23.1 0.7458472879704028
58.6 0.011613126376971261 0.12780641454746464 0.0018214955022159474 0.5482978569426169 0.056308394601134 23.1 0.7458472879704028
58.7 0.011613126376971261 0.12780641454746464 0.0018214955022159474 0.5482978569426169 0.056308394601134 23.1 0.7458472879704028
58.800000000000004 0.011613126376971261 0.12780641454746464 0.0018214955022159474 0.5482978569426169 0.056308394601134 23.1 0.7458472879704028
58.900000000000006 0.011613126376971261 0.12780641454746464 0.0018214955022159474 0.5482978569426169 0.056308394601134 23.1 0.7458472879704028
59.0 0.011613126376971261 0.12780641454746464 0.0018214955022159474 0.5482978569426169 0.056308394601134 23.1 0.7458472879704028
59.1 0.011613126376971261 0.12780641454746464 0.0018214955022159474 0.5482978569426169 0.056308394601134 23.1 0.7458472879704028
59.2 0.011613126376971261 0.12780641454746464 0.0018214955022159474 0.5482978569426169 0.056308394601134 23.1 0.7458472879704028
59.300000000000004 0.011613126376971261 0.12780641454746464 0.0018214955022159474 0.5482978569426169 0.056308394601134 23.1 0.7458472879704028
59.400000000000006 0.011613126376971261 0.12780641454746464 0.0018214955022159474 0.5482978569426169 0.056308394601134 23.1 0.7458472879704028
59.5 0.011613126376971261 0.12780641454746464 0.0018214955022159474 0.5482978569426169 0.056308394601134 23.1 0.7458472879704028
59.6 0.011613126376971261 0.12780641454746464 0.0018214955022159474 0.5482978569426169 0.056308394601134 23.1 0.7458472879704028
59.7 0.011613126376971261 0.12780641454746464 0.0018214955022159474 0.5482978569426169 0.056308394601134 23.1 0.7458472879704028
59.800000000000004 0.011613126376971261 0.12988062162667927 0.0018214955022159474 0.5482978569426169 0.056308394601134 23.2 0.7479214950496174
59.900000000000006 0.011613126376971261 0.12988062162667927 0.0018214955022159474 0.5482978569426169 0.056308394601134 23.2 0.7479214950496174
60.0 0.011613126376971261 0.12988062162667927 0.0018214955022159474 0.5503311245589864 0.056308394601134 23.3 0.7499547626659869
