#Protein type, x, y, z, NP 
3GHG-P3:57.5-352.5,-24.909687191460858,-16.99029088039449,-37.625240846788834,9.0
3GHG-P3:57.5-347.5,-51.54858714233402,9.298934055127306,5.942840381188059,5.0
3K2S-P4:102.5-262.5,-2.5769029973045976,-4.997203443347165,13.423976536971606,0.0
3GHG-P3:62.5-112.5,-24.227132790104836,-3.2009312847575373,5.722042901953896,5.0
3K2S-P4:142.5-127.5,-12.12718786666854,-12.118753056558553,6.788396584640104,0.0
2A73-P2:67.5-352.5,-0.08896986463184042,4.028587418248422,18.73492736165469,7.0
3K2S-P4:72.5-292.5,12.674736537843437,4.457581436417285,-6.092625427299842,6.0
3GHG-P3:92.5-147.5,-5.235562837198255,18.232089821160933,15.395249301492424,3.0
3K2S-P4:62.5-17.5,16.040399834623045,-2.061623605207942,-13.03502960202698,6.0
3K2S-P4:112.5-167.5,-11.02303744506801,-13.826324448514683,1.6238523191606282,7.0
3K2S-P4:112.5-57.5,11.393085214611547,8.265024646658691,0.7631083120197477,8.0
3K2S-P4:152.5-157.5,-15.50874362025478,-5.394557579221434,-9.552820095713003,3.0
3K2S-P4:67.5-297.5,-1.3964209391948177,-11.540876703607239,9.976822971133245,5.0
3K2S-P4:62.5-62.5,-9.780028594866234,11.96151478439596,6.315981967985164,4.0
3K2S-P4:152.5-227.5,7.062935128415573,-2.7949180151201953,17.58659309235314,6.0
3K2S-P4:152.5-222.5,10.824047415205342,-13.563625041364233,-8.103646402346941,2.0
3K2S-P4:97.5-262.5,5.831264382348501,3.1799371257960187,-12.619390347598914,3.0
3K2S-P4:2.5-12.5,-8.031504875313786,-15.331384995620244,11.68557452948449,9.0
1HZH-P5:97.5-92.5,-15.889789194148184,10.461881710961867,2.6243110940643737,2.0
3K2S-P4:57.5-62.5,-14.357307865053007,-7.737981243744375,-4.543441619664785,6.0
1HZH-P5:127.5-217.5,17.703578411209634,2.0310047986767272,-2.571610012930664,2.0
3K2S-P4:27.5-277.5,-13.97028463942435,-0.7917032201143196,-8.942947996237493,0.0
2A73-P2:157.5-57.5,11.635199043193182,-7.065978716103208,-1.341111813089488,5.0
2A73-P2:97.5-262.5,1.1870600685253097,-2.5083567214631985,17.640618927090294,7.0
1HZH-P5:152.5-342.5,-5.649368490417766,-4.747440699089109,-14.122789110538214,1.0
3K2S-P4:167.5-172.5,3.224630394432015,-8.597832453124724,-16.21260269568419,0.0
1AO6-P1:147.5-147.5,-7.789386039912082,-7.115394335968617,12.342258268007365,6.0
3K2S-P4:87.5-222.5,-15.060066182404388,5.272509469329024,-4.250677950630649,4.0
3K2S-P4:12.5-22.5,-16.584216987458134,4.14204453956407,11.55602173695475,2.0
3K2S-P4:62.5-287.5,3.401565868681932,-13.255862427057687,-5.176117330841834,5.0
2A73-P2:132.5-102.5,10.92629946666241,11.479081875768122,-1.3849198592758314,1.0
2A73-P2:122.5-222.5,-7.170737407209705,-2.488301514070448,-14.800238925449616,8.0
3GHG-P3:82.5-147.5,5.660284563493341,4.615341988445378,20.794317076599572,9.0
1AO6-P1:67.5-277.5,5.515492949056247,-14.728140419039065,2.250173646875428,0.0
1AO6-P1:127.5-22.5,10.1476321079891,6.547791974899861,11.112824182689165,6.0
2A73-P2:77.5-307.5,-15.349803420571321,4.404996073788197,-7.096098257052521,4.0
2A73-P2:137.5-217.5,12.302327475436119,7.261914045614785,7.279110438992231,6.0
1AO6-P1:97.5-257.5,-13.134606924101433,5.039540301189814,-4.719383027138522,8.0
3K2S-P4:97.5-262.5,-2.4634287762979814,13.869359097070419,-2.2219482591977298,7.0
3K2S-P4:17.5-277.5,11.072047037499349,-1.044121336106292,13.914493232086773,5.0
2A73-P2:42.5-292.5,11.44643703628355,4.0274928809747195,7.859981247846279,4.0
2A73-P2:107.5-197.5,0.8356592032667164,-15.468926214556804,7.782555355012703,8.0
2A73-P2:77.5-177.5,4.275095957711843,-17.046861822937316,0.9446620754714271,3.0
3K2S-P4:82.5-67.5,-6.579272315947842,13.088558889142522,0.8936542032186925,4.0
1HZH-P5:27.5-202.5,12.41038956405591,4.409258394507483,-12.70872228335897,1.0
3K2S-P4:147.5-147.5,-12.428545702966677,5.800712063916426,-12.902164279690634,0.0
1HZH-P5:142.5-342.5,-13.433542395653056,9.17563138393789,1.5644441763591856,8.0
2A73-P2:27.5-202.5,5.995402308001589,-14.131670443136638,-2.9418444300677,1.0
1HZH-P5:92.5-177.5,15.903562289833278,1.3624897989309561,5.227638549803246,5.0
2A73-P2:147.5-22.5,1.2328827637764956,5.070558455940845,13.22774196186963,8.0
2A73-P2:117.5-212.5,0.21897206334910205,5.7480879046979165,-15.806730256719739,5.0
2A73-P2:7.5-192.5,8.571707880660911,12.008060687849648,-3.3414315632774865,3.0
1HZH-P5:7.5-187.5,-10.488403232674031,10.637779724677356,3.376138180897778,8.0
2A73-P2:7.5-172.5,-11.725850306627997,-0.3913411043300866,-9.786006368066014,7.0
2A73-P2:12.5-242.5,-8.086494961052795,6.389577285148616,-10.328993792303178,2.0
1HZH-P5:157.5-167.5,-2.616488884093854,-9.706259255981509,-14.056991957979944,4.0
3K2S-P4:137.5-232.5,-10.850362144298613,-15.680453648062278,-1.6890823174537564,1.0
2A73-P2:137.5-92.5,-7.847969068957016,-3.6921096241119424,-12.438068073215256,2.0
1HZH-P5:157.5-177.5,4.617776751748843,11.607423444882862,11.980303975652854,7.0
3K2S-P4:92.5-267.5,-8.340870424444436,10.17593592492005,4.523693036204657,9.0
3K2S-P4:152.5-222.5,2.1981324304003236,-9.992250219145882,-16.190248951143662,4.0
1HZH-P5:122.5-317.5,-6.350968117539846,-10.033282239103622,10.031819965357403,1.0
1HZH-P5:132.5-262.5,-4.72403251837699,-13.62476626089347,4.632693939468851,2.0
1HZH-P5:107.5-177.5,-0.4400509084825094,15.230291170862062,4.557983184983245,6.0
3K2S-P4:57.5-107.5,12.156774357665823,-1.3074290186514155,-10.172381144089835,4.0
2A73-P2:2.5-227.5,14.063929328100096,3.7460399583043853,1.6236871937453918,5.0
2A73-P2:22.5-222.5,7.2010070279117935,9.659580445702476,-8.994830616413747,7.0
3K2S-P4:92.5-32.5,-8.184288047984673,-9.8691507280955,10.594812776556152,9.0
1HZH-P5:127.5-167.5,-7.929596364925739,11.362529461507215,-5.851964001952234,6.0
2A73-P2:17.5-232.5,8.887306557301963,-10.11698359743065,6.046966693839392,2.0
3K2S-P4:57.5-292.5,3.7993681237421404,-14.713098174729794,-0.0643327181921782,9.0
3K2S-P4:147.5-162.5,-13.214798830197187,-12.710676573406403,4.3634681032429485,4.0
3K2S-P4:72.5-292.5,-7.416924960025633,-12.712296586422248,-1.012819233428139,1.0
3K2S-P4:137.5-122.5,-7.904982929536078,10.583935615084716,-11.834958685998831,6.0
2A73-P2:157.5-52.5,-12.68027345347244,4.869172779066908,-1.4079371244606886,7.0
3K2S-P4:47.5-102.5,-1.6978946565416362,-2.2067801829303417,-16.56667767944837,7.0
1AO6-P1:27.5-72.5,-7.59083076063145,12.015780420090493,-8.233945464249624,0.0
3GHG-P3:132.5-237.5,-5.683057994810244,-16.73932385369453,-25.33323939110554,4.0
1HZH-P5:147.5-342.5,12.70764345409557,-4.986106260204016,-8.711039214041813,9.0
3K2S-P4:107.5-82.5,-8.95396132144921,1.070187320074001,10.190890348598279,0.0
2A73-P2:157.5-337.5,6.490136208135756,-3.8666307117329315,12.46229144005818,8.0
3K2S-P4:62.5-7.5,2.957604375162013,19.14148591870884,6.253557105786782,5.0
2A73-P2:87.5-137.5,10.3388351380446,6.652106293134383,-11.94599328536916,7.0
3K2S-P4:102.5-267.5,8.232432474559909,-10.44141535951257,-5.591086658136611,2.0
1HZH-P5:157.5-162.5,-9.303130405865412,-10.252114833075925,10.224209314520074,4.0
3K2S-P4:87.5-92.5,-13.782484822828417,1.2193530732818143,1.5978787060295565,0.0
1HZH-P5:152.5-342.5,-4.852120189041687,-15.045327760558745,2.0004429612173515,6.0
1HZH-P5:132.5-357.5,-12.630171642508927,8.299140245403162,8.957339412452617,6.0
2A73-P2:42.5-167.5,-0.8141469594658629,-11.989905832258902,-12.589672876867903,6.0
1HZH-P5:167.5-317.5,8.737622838172507,-11.819435184172526,4.2626669961572174,6.0
3K2S-P4:152.5-242.5,11.575466438365682,-7.506131301257032,12.745598424350572,8.0
2A73-P2:32.5-132.5,5.32707267582508,-8.702369574819054,12.575564951548136,3.0
3K2S-P4:57.5-257.5,4.197565363559439,5.1595230180751,-12.485049557937469,2.0
3K2S-P4:62.5-107.5,0.21440519179718417,15.253963645115176,3.2861576451849572,6.0
2A73-P2:2.5-47.5,-4.643009783973108,13.162778131560689,-4.567142771459671,3.0
3K2S-P4:177.5-282.5,7.451157817729803,15.66794708331576,7.078579786363557,5.0
3K2S-P4:67.5-32.5,9.325432882768391,-13.68624513291815,-7.896500134294408,7.0
1HZH-P5:152.5-322.5,-3.7371503956864127,7.720615764760339,-12.473804707363689,1.0
2A73-P2:67.5-202.5,16.330852626360645,0.6599953915907575,-5.35540305284924,4.0
2A73-P2:102.5-162.5,17.033701346709584,-0.12572287779882269,5.85342371045991,1.0
3K2S-P4:77.5-102.5,6.979012134804551,1.646666124817779,12.701417843234486,2.0
3K2S-P4:117.5-57.5,-5.8152223347383405,6.62815875661142,-11.117009536258808,3.0
3K2S-P4:102.5-32.5,-8.254335469607236,6.9974401653226606,12.504602159776782,6.0
1AO6-P1:152.5-92.5,-1.4275618024307601,11.620248455235595,10.51934839377943,2.0
3K2S-P4:67.5-297.5,-3.3719834447751227,14.81043611693869,-1.9898574820470376,7.0
2A73-P2:122.5-232.5,5.548276763163442,-15.250364537724094,3.7876350855825716,0.0
1HZH-P5:17.5-202.5,15.970575937576958,3.650026383132657,0.34612939974140444,7.0
3K2S-P4:117.5-72.5,-4.4669501719485964,-7.498856366124057,10.801942262232274,1.0
1AO6-P1:117.5-37.5,1.8511679936567815,-4.7598254118572205,-14.543705385081505,5.0
3K2S-P4:167.5-342.5,17.64184977190406,5.596413485199981,3.5368178215902613,7.0
3K2S-P4:87.5-277.5,13.412136686946646,-2.6082291066173453,1.7978908947705359,1.0
3K2S-P4:82.5-22.5,-0.3026606053458869,17.24465868577654,-6.59502109933346,8.0
1AO6-P1:97.5-102.5,4.907977168817239,-7.3538810589377945,-12.924981990975436,3.0
1HZH-P5:37.5-22.5,13.9997169283893,-0.3725351355710332,0.9701348799974285,9.0
3GHG-P3:112.5-352.5,8.671086533016478,-6.4110015425787115,-9.923681237556314,7.0
3K2S-P4:112.5-47.5,11.353130339999757,-0.04524116111698528,9.286346233800405,4.0
1HZH-P5:147.5-352.5,0.18345108013518197,-11.4407964678951,-11.832857762215703,3.0
1AO6-P1:32.5-317.5,-0.8133996770117341,16.753765634755737,-1.8974882569792848,2.0
2A73-P2:17.5-252.5,-1.434917383511309,0.9892246221832818,14.233814193201546,5.0
2A73-P2:122.5-322.5,5.083837912095225,17.13624697641312,-0.7158386764718336,2.0
2A73-P2:17.5-297.5,2.8600798493043174,-10.90809208117034,8.424007476251793,7.0
2A73-P2:142.5-52.5,-4.498934625625211,-13.257744110363157,1.1309603056757733,5.0
3GHG-P3:117.5-347.5,0.7861244120900938,10.779439548113215,-9.507718117799108,8.0
2A73-P2:162.5-12.5,8.653363648049162,7.953459369920876,-7.404471807510507,8.0
3K2S-P4:107.5-32.5,9.354232038444305,12.164223192709136,-4.191922491676406,0.0
2A73-P2:17.5-252.5,-13.466635387453277,1.982989266509957,4.511818330509321,3.0
3K2S-P4:107.5-47.5,1.8576865397731843,13.902054207638004,4.454577104646424,9.0
2A73-P2:142.5-242.5,4.122326817335011,-13.384253299365984,7.624115205762097,7.0
3K2S-P4:42.5-122.5,-14.111306244566254,-8.571506243352324,-2.9072518975601365,2.0
2A73-P2:32.5-152.5,11.29753407915967,3.5249581812547346,-11.691315707819841,1.0
3K2S-P4:72.5-152.5,14.39179757882668,-2.9396436479845898,-5.477565903428495,8.0
2A73-P2:172.5-202.5,-13.568758647068801,-3.386478699591132,-3.926401376783466,2.0
2A73-P2:27.5-277.5,-7.142062427676643,8.473848021039222,-8.407760869170975,7.0
1AO6-P1:107.5-112.5,11.559988741460982,-10.412684479472732,3.567131216317855,6.0
3K2S-P4:112.5-257.5,-2.4385541691475083,2.694438822323023,14.985404038627175,4.0
1AO6-P1:102.5-292.5,6.975242259119767,12.995182956162493,1.8332709177099564,4.0
2A73-P2:162.5-67.5,12.049543146293722,-6.335016983576395,-2.1346613353800663,8.0
3K2S-P4:107.5-72.5,-3.3701503207747225,11.658708089547714,-6.129074979378264,5.0
2A73-P2:12.5-272.5,-2.2230597044104856,-4.671868674600285,13.166895713297066,2.0
2A73-P2:157.5-257.5,-14.242142335558459,-3.644454711513678,3.7728645759479766,8.0
3K2S-P4:77.5-292.5,4.195395914226048,12.302618215300543,-6.4306798690418105,6.0
3K2S-P4:102.5-42.5,4.059456626760886,14.94250581824522,-0.46344616662469407,4.0
1AO6-P1:42.5-67.5,-1.2940328221454747,8.319895566057406,-13.381422265368338,4.0
3K2S-P4:92.5-282.5,-0.3535147334080166,3.305326760110783,-13.5667824592913,2.0
3K2S-P4:132.5-47.5,-5.246590260418538,-10.271569158286034,-9.614734782347947,5.0
1HZH-P5:17.5-147.5,-14.40540939704968,5.614797768440754,1.8494741508116472,6.0
3GHG-P3:112.5-357.5,-12.466108987327777,-7.783571295884291,-3.5562446195790254,8.0
2A73-P2:92.5-192.5,-2.67441653002188,-6.686610616591933,15.614136535993426,2.0
3K2S-P4:82.5-117.5,6.38857881546708,9.732978431580438,9.080969049799984,1.0
3K2S-P4:157.5-197.5,-0.7390724176973165,-18.05743186274614,-6.445594373751111,8.0
3K2S-P4:122.5-62.5,-2.766400168744694,3.5205371800885903,-13.407729341598072,3.0
1HZH-P5:12.5-327.5,1.679198279580018,9.226121744474835,-10.726929341996412,9.0
3K2S-P4:57.5-107.5,10.889047919189395,7.122958551136906,-9.146910322892117,5.0
2A73-P2:147.5-22.5,-8.004912827392838,9.628114282152538,6.739770498302513,1.0
2A73-P2:142.5-97.5,0.6944398523017254,10.310463714291101,10.808969297897693,0.0
3K2S-P4:162.5-207.5,8.370115172303043,11.864394505370656,13.308192679693116,0.0
1HZH-P5:52.5-22.5,-9.90280625322167,-6.256878223676634,9.515873845921213,3.0
3K2S-P4:17.5-267.5,5.085186632385795,-13.80006597498843,-9.519895660433436,8.0
3K2S-P4:102.5-72.5,-8.186136297290332,6.8240797056084155,-8.282438576364735,1.0
2A73-P2:52.5-122.5,10.758914549570134,-5.0239429680586385,10.372553505281756,0.0
2A73-P2:152.5-352.5,13.56980832579288,2.14945589545563,-4.454976686143598,0.0
2A73-P2:47.5-297.5,5.818487625259155,11.039166638094132,-8.006016119734893,6.0
3K2S-P4:172.5-107.5,-1.854627400304162,11.945347238311513,-14.050878580698127,4.0
1HZH-P5:107.5-307.5,6.831908702940889,-5.194349341123621,12.915263457635465,9.0
2A73-P2:32.5-277.5,7.282820920996685,11.427135595864945,-3.393813936791462,6.0
2A73-P2:147.5-42.5,11.200665702103572,-6.983890447430747,-4.126075062499979,3.0
2A73-P2:122.5-147.5,12.693597035551946,3.3613926421121727,13.234739310933092,0.0
2A73-P2:32.5-147.5,-9.836001726028124,-9.044900470164945,9.743774512775826,3.0
3K2S-P4:97.5-287.5,3.3213651077457294,-5.52926385545755,12.69870486047485,4.0
2A73-P2:37.5-162.5,5.256474278852919,5.989941959228761,-14.981265847951931,0.0
2A73-P2:87.5-87.5,9.30112010083031,6.745160109975009,12.397268275855366,1.0
2A73-P2:147.5-37.5,2.991426864422291,-12.459810902151801,5.191986967390435,4.0
3K2S-P4:162.5-357.5,3.6042425095583956,-17.88162293778851,4.022563356687912,4.0
3K2S-P4:62.5-277.5,9.55488947741416,10.175388249824044,-1.3667670452766045,9.0
1HZH-P5:157.5-137.5,15.310236621385506,-6.780666404775473,-1.3760900113233911,3.0
1HZH-P5:42.5-72.5,-15.367190824180543,0.43259259551616847,-4.46756815673017,1.0
2A73-P2:147.5-42.5,-4.973896586338986,12.903932002425345,-0.0549999869671986,1.0
3K2S-P4:107.5-262.5,3.981724117951092,-12.657358963061316,-6.661329226900476,6.0
2A73-P2:22.5-277.5,-12.460335744677536,-1.1508056536990234,6.152460122178957,1.0
2A73-P2:12.5-127.5,12.59621585458541,4.726131467366918,8.170284859163818,3.0
1HZH-P5:42.5-347.5,4.893938604719131,-7.911610698563058,-11.418488357592794,1.0
3K2S-P4:52.5-87.5,7.628196831999589,-10.961619958134854,9.772090744678199,1.0
2A73-P2:32.5-282.5,6.242073668544473,-7.136987062836769,-10.262274948587578,1.0
1HZH-P5:12.5-147.5,10.034237627988832,-11.202629827259658,-2.6395302561030585,4.0
3K2S-P4:132.5-72.5,11.518215301116513,-8.799507222451322,2.6504443861099207,9.0
2A73-P2:17.5-292.5,5.151959964887307,11.478544353058496,6.3568969990463575,8.0
2A73-P2:22.5-267.5,-4.198204171493326,-12.475600215058327,-4.757244140435517,0.0
1HZH-P5:2.5-227.5,-12.170517561699578,-2.6099863222133592,7.9419669839138844,7.0
2A73-P2:147.5-7.5,11.57462792557512,-7.1331199750499135,-4.927362437171399,0.0
3K2S-P4:77.5-272.5,-7.6525838783251015,9.795564357792749,-5.124314061150562,9.0
1HZH-P5:37.5-347.5,-3.5970282859302736,-11.782552365208273,-7.930455954222356,2.0
3K2S-P4:47.5-262.5,12.047520643939599,-7.55978184223774,3.512973890178631,7.0
2A73-P2:22.5-247.5,12.373086086473863,3.7825336787634893,-6.259947167044051,3.0
3K2S-P4:87.5-82.5,0.4614694830830347,12.430469001404957,-5.941228302210869,1.0
2A73-P2:22.5-242.5,-0.8685528257552579,14.452752418404517,0.9007237532452774,0.0
1HZH-P5:137.5-287.5,9.708269759014724,-5.041395642781642,-8.851678280684931,5.0
2A73-P2:7.5-312.5,9.576228917597035,5.829338346768803,-8.87250319507203,9.0
3K2S-P4:77.5-97.5,-11.841139400774814,6.900176836319137,-4.312441192508414,3.0
3K2S-P4:102.5-72.5,11.292661488256515,-5.861322902448367,-4.5055932375712775,1.0
1HZH-P5:12.5-347.5,4.0798008798557825,-1.9706232527318965,-13.046817955507809,8.0
3K2S-P4:82.5-277.5,10.174309556738882,6.410422661545524,6.423331459930157,2.0
3K2S-P4:97.5-97.5,-3.7042826952019445,-11.0266017130578,-7.953714411151412,7.0
2A73-P2:157.5-297.5,-2.2918659277030207,0.41264170380632176,15.09079591494684,1.0
2A73-P2:157.5-32.5,0.6008600246221073,2.003699635641408,-13.499031188671129,6.0
3K2S-P4:122.5-57.5,2.2478708298638788,10.135305561087824,10.061122583342915,4.0
2A73-P2:27.5-272.5,-8.814145634831322,8.416697366104238,6.517040248350421,7.0
3K2S-P4:112.5-62.5,-6.981611512247108,5.8341559707549475,10.561208524730038,8.0
1HZH-P5:107.5-187.5,-15.07969582236277,0.9996115780675374,7.107446666920883,9.0
2A73-P2:162.5-17.5,-11.992495655597606,1.217529879495835,6.7660116220288185,4.0
3K2S-P4:117.5-77.5,8.329375005910487,-9.982534277968824,5.078198097377717,5.0
3K2S-P4:117.5-72.5,6.368955082979591,12.335958375013323,0.35915093757030647,7.0
2A73-P2:152.5-37.5,-6.723532869795057,-11.969612896850759,-0.36976575329402667,3.0
2A73-P2:157.5-42.5,-2.0794306523461823,-1.619102901328006,13.448621534026753,3.0
2A73-P2:42.5-112.5,-7.3721909001373795,-5.160182365488506,12.957170904394404,8.0
3K2S-P4:97.5-92.5,-7.5937347003601925,10.640276937528528,4.669194636521077,0.0
