t/s,s_1AO6-P1,s_2A73-P2,s_3GHG-P3,s_3K2S-P4,s_1HZH-P5,total,total_coverage
0.0 0.0 0.0 0.0 0.0 0.0 0.0 0.0
0.1 0.02184330211516408 0.07045211016719248 0.15882899637795034 0.13927355237257463 0.09874166110523556 9.9 0.48913962213811696
0.2 0.026242743716694265 0.09035454963773717 0.10449803412267493 0.22447181206048752 0.09080897383722848 12.0 0.5363761133748223
0.30000000000000004 0.042232015788288786 0.10709649911358934 0.10527319690547457 0.2654872959990517 0.07911268835298128 13.4 0.5992016961593858
0.4 0.0556294577504437 0.11585846133100937 0.11339277826313947 0.26832788140624964 0.07530911567181883 14.2 0.6285176944226613
0.5 0.047905576814784065 0.12406672720537677 0.11339277826313947 0.26578850311808655 0.08865824345602577 14.4 0.639811828857413
0.6000000000000001 0.050757521933404395 0.12711515991700442 0.11339277826313947 0.26578850311808655 0.08752411699733761 14.5 0.644578080228973
0.7000000000000001 0.04240039257613771 0.12573874087248577 0.09820838622232593 0.28036195060172997 0.10129790364820176 14.8 0.6480073739208816
0.8 0.04240039257613771 0.12919834428304994 0.09820838622232593 0.2869756324745293 0.10066533279328857 15.2 0.6574480883493317
0.9 0.04638491877414828 0.1308298652284538 0.11137636973441986 0.28780128397482174 0.1025676284778378 15.5 0.6789600661896817
1.0 0.04145780291593883 0.13023892641275508 0.11137636973441986 0.29333845523307406 0.11564120171201708 15.8 0.692052756008205
1.1 0.04145780291593883 0.1346573609962082 0.11137636973441986 0.2932505573013088 0.12170639669780511 16.1 0.7024484876456808
1.2000000000000002 0.04145780291593883 0.14636721636815503 0.11137636973441986 0.30022738264537263 0.12076938503283471 16.6 0.7201981566967213
1.3 0.044900506197186954 0.14630156174683945 0.11137636973441986 0.2969146671437542 0.12658204273299456 16.9 0.7260751475551952
1.4000000000000001 0.044964796395597126 0.14435328247917806 0.11137636973441986 0.3102453862195135 0.121015258736756 17.0 0.7319550935654646
1.5 0.044964796395597126 0.14123344516320435 0.11396576049382927 0.3102453862195135 0.11915601246222271 16.9 0.7295654007343672
1.6 0.049306765921896166 0.1388409477474655 0.11396576049382927 0.3071643461927593 0.12316794809231753 17.0 0.7324457684482678
1.7000000000000002 0.049306765921896166 0.14631036640146414 0.11396576049382927 0.30267559904199726 0.12316794809231753 17.1 0.7354264399515043
1.8 0.049306765921896166 0.14845244736253055 0.11396576049382927 0.30267559904199726 0.12316794809231753 17.2 0.7375685209125706
1.9000000000000001 0.049306765921896166 0.1505716546373536 0.11396576049382927 0.30267559904199726 0.12316794809231753 17.3 0.7396877281873937
2.0 0.04821686807554231 0.1505716546373536 0.11635304472072978 0.2988303493652982 0.12316794809231753 17.3 0.7371398648912414
2.1 0.045280931346823705 0.15257337429301407 0.11635304472072978 0.29729196387483736 0.12316794809231753 17.3 0.7346672623277224
2.2 0.04214370412542316 0.15852407245518293 0.11635304472072978 0.29791044005304357 0.12316794809231753 17.4 0.7380992094466968
2.3000000000000003 0.04214370412542316 0.15852407245518293 0.11635304472072978 0.2999954578803279 0.12316794809231753 17.4 0.7401842272739813
2.4000000000000004 0.04214370412542316 0.1651627440326696 0.11635304472072978 0.2931207605609737 0.12316794809231753 17.5 0.7399482015321135
2.5 0.04214370412542316 0.17151343957985987 0.11635304472072978 0.2931207605609737 0.12316794809231753 17.8 0.7462988970793039
2.6 0.04576234745728884 0.16930630938798355 0.11635304472072978 0.28878394353895587 0.12316794809231753 17.7 0.7433735931972754
2.7 0.04851388613460298 0.1680472229582082 0.11635304472072978 0.2862652255438529 0.12316794809231753 17.8 0.7423473274497114
2.8000000000000003 0.04851388613460298 0.1732427917830166 0.11635304472072978 0.2905161238856352 0.12316794809231753 18.2 0.751793794616302
2.9000000000000004 0.05201253000384729 0.17105411177730892 0.11635304472072978 0.293762673471683 0.11967345939245858 18.2 0.7528558193660275
3.0 0.05201253000384729 0.1711741720856785 0.11635304472072978 0.2913149136809237 0.11967345939245858 18.2 0.7505281198836377
3.1 0.05201253000384729 0.16629753132251027 0.11930749124667812 0.29418689565453304 0.12298333295098338 18.3 0.7547877811785519
3.2 0.05201253000384729 0.17026585793492724 0.10792681342074481 0.3033233198568738 0.12298333295098338 18.5 0.7565118541673767
3.3000000000000003 0.05201253000384729 0.17267667088909794 0.10792681342074481 0.3033233198568738 0.12298333295098338 18.6 0.7589226671215473
3.4000000000000004 0.05201253000384729 0.177477861805822 0.10792681342074481 0.30340818714757656 0.11820553539048036 18.7 0.7590309277684715
3.5 0.05517442006375117 0.177477861805822 0.10792681342074481 0.30340818714757656 0.12113735266563656 18.9 0.7651246351035316
3.6 0.05517442006375117 0.17787637446113966 0.10792681342074481 0.30349427872711915 0.12113735266563656 19.0 0.7656092393383919
3.7 0.05755975583494064 0.1765282309836454 0.10792681342074481 0.3069536244697102 0.11807844732084061 19.0 0.7670468720298822
3.8000000000000003 0.055871494139643964 0.18624257677627445 0.10792681342074481 0.30189784103884126 0.10818972974415111 18.8 0.7601284551196561
3.9000000000000004 0.055871494139643964 0.19472677051964213 0.09496947137585143 0.29781976000723503 0.10818972974415111 18.9 0.7515772257865241
4.0 0.05214785250259675 0.20103849270358198 0.09496947137585143 0.300579435887637 0.10424464095214378 19.0 0.7529798934218115
4.1000000000000005 0.05214785250259675 0.20497321493206383 0.09496947137585143 0.300579435887637 0.10424464095214378 19.1 0.7569146156502933
4.2 0.04828888836680008 0.20777317871352724 0.09496947137585143 0.300579435887637 0.10587482535336248 19.1 0.7574857996971789
4.3 0.04828888836680008 0.20777317871352724 0.09496947137585143 0.300579435887637 0.10587482535336248 19.1 0.7574857996971789
4.4 0.04828888836680008 0.20777317871352724 0.09496947137585143 0.300579435887637 0.10953091189644656 19.2 0.761141886240263
4.5 0.05101347446802135 0.2097283322734585 0.09496947137585143 0.300579435887637 0.10953091189644656 19.4 0.7658216259014154
4.6000000000000005 0.05101347446802135 0.21163386759389874 0.09496947137585143 0.300579435887637 0.10953091189644656 19.5 0.7677271612218557
4.7 0.05101347446802135 0.21163386759389874 0.09496947137585143 0.300579435887637 0.11116312696411793 19.5 0.7693593762895271
4.800000000000001 0.05101347446802135 0.20878678222551014 0.09496947137585143 0.30331901410735973 0.11116312696411793 19.6 0.7692518691408612
4.9 0.05101347446802135 0.2122302319862277 0.09496947137585143 0.2991633868107145 0.11380984752572879 19.7 0.7711864121665444
5.0 0.05101347446802135 0.2097212402039735 0.08914481173727759 0.30324443256242284 0.11688139965810411 19.7 0.7700053586297999
5.1000000000000005 0.04828888836680008 0.21174497308501503 0.08914481173727759 0.30324443256242284 0.11688139965810411 19.7 0.7693045054096201
5.2 0.04828888836680008 0.2097212402039735 0.08914481173727759 0.30589644061879284 0.11688139965810411 19.7 0.7699327805849487
5.300000000000001 0.051813774654946486 0.2097212402039735 0.08914481173727759 0.30589644061879284 0.12083149910450575 19.9 0.7774077663194967
5.4 0.04828888836680008 0.21187902968845523 0.08914481173727759 0.30589644061879284 0.12083149910450575 19.9 0.776040669515832
5.5 0.04828888836680008 0.21187902968845523 0.08914481173727759 0.30589644061879284 0.12083149910450575 19.9 0.776040669515832
5.6000000000000005 0.04828888836680008 0.21187902968845523 0.08914481173727759 0.30589644061879284 0.12083149910450575 19.9 0.776040669515832
5.7 0.04828888836680008 0.21187902968845523 0.08914481173727759 0.30589644061879284 0.12083149910450575 19.9 0.776040669515832
5.800000000000001 0.04828888836680008 0.2090790659069918 0.08914481173727759 0.30157328558277297 0.12083149910450575 19.7 0.7689175506983487
5.9 0.04828888836680008 0.21116052266251675 0.08914481173727759 0.30157328558277297 0.12256495340495868 19.9 0.7727324617543265
6.0 0.04828888836680008 0.21116052266251675 0.08914481173727759 0.30157328558277297 0.12524035781938775 20.0 0.7754078661687556
6.1000000000000005 0.04828888836680008 0.21116052266251675 0.08914481173727759 0.2973704820901743 0.12524035781938775 19.9 0.7712050626761568
6.2 0.04828888836680008 0.21116052266251675 0.08914481173727759 0.2973704820901743 0.12524035781938775 19.9 0.7712050626761568
6.300000000000001 0.04828888836680008 0.21116052266251675 0.08914481173727759 0.2973704820901743 0.12524035781938775 19.9 0.7712050626761568
6.4 0.04828888836680008 0.21116052266251675 0.08914481173727759 0.2973704820901743 0.12524035781938775 19.9 0.7712050626761568
6.5 0.04828888836680008 0.21116052266251675 0.08914481173727759 0.2973704820901743 0.12524035781938775 19.9 0.7712050626761568
6.6000000000000005 0.04828888836680008 0.21116052266251675 0.08914481173727759 0.2945301413507165 0.12524035781938775 19.8 0.7683647219366991
6.7 0.04828888836680008 0.21548863787818054 0.08914481173727759 0.2945301413507165 0.12350690351893483 19.9 0.77095938285191
6.800000000000001 0.04828888836680008 0.21548863787818054 0.08914481173727759 0.2945301413507165 0.12350690351893483 19.9 0.77095938285191
6.9 0.04828888836680008 0.217927491870207 0.08914481173727759 0.2945301413507165 0.12350690351893483 20.0 0.7733982368439365
7.0 0.04828888836680008 0.217927491870207 0.08914481173727759 0.2945301413507165 0.12350690351893483 20.0 0.7733982368439365
7.1000000000000005 0.04828888836680008 0.22033096323387902 0.08914481173727759 0.2945301413507165 0.12350690351893483 20.1 0.7758017082076085
7.2 0.04828888836680008 0.22033096323387902 0.08914481173727759 0.2945301413507165 0.12350690351893483 20.1 0.7758017082076085
7.300000000000001 0.04828888836680008 0.217927491870207 0.08914481173727759 0.2945301413507165 0.12350690351893483 20.0 0.7733982368439365
7.4 0.04828888836680008 0.217927491870207 0.08914481173727759 0.2945301413507165 0.12350690351893483 20.0 0.7733982368439365
7.5 0.04828888836680008 0.21575886063554192 0.08914481173727759 0.2945301413507165 0.12350690351893483 19.9 0.7712296056092715
7.6000000000000005 0.04828888836680008 0.21575886063554192 0.08914481173727759 0.2945301413507165 0.12350690351893483 19.9 0.7712296056092715
7.7 0.04828888836680008 0.21575886063554192 0.08914481173727759 0.2945301413507165 0.12350690351893483 19.9 0.7712296056092715
7.800000000000001 0.04828888836680008 0.21575886063554192 0.08914481173727759 0.2945301413507165 0.12350690351893483 19.9 0.7712296056092715
7.9 0.04828888836680008 0.21575886063554192 0.08914481173727759 0.2945301413507165 0.12350690351893483 19.9 0.7712296056092715
8.0 0.04828888836680008 0.21575886063554192 0.08914481173727759 0.2945301413507165 0.12350690351893483 19.9 0.7712296056092715
8.1 0.04828888836680008 0.21575886063554192 0.08914481173727759 0.2945301413507165 0.12350690351893483 19.9 0.7712296056092715
8.200000000000001 0.04828888836680008 0.21575886063554192 0.08914481173727759 0.2945301413507165 0.12350690351893483 19.9 0.7712296056092715
8.3 0.04828888836680008 0.21575886063554192 0.08914481173727759 0.2945301413507165 0.12350690351893483 19.9 0.7712296056092715
8.4 0.04828888836680008 0.21575886063554192 0.08914481173727759 0.2945301413507165 0.12350690351893483 19.9 0.7712296056092715
8.5 0.04828888836680008 0.218014335287137 0.08914481173727759 0.2945301413507165 0.12350690351893483 20.0 0.7734850802608666
8.6 0.04828888836680008 0.218014335287137 0.08914481173727759 0.2945301413507165 0.12350690351893483 20.0 0.7734850802608666
8.700000000000001 0.050882900663710554 0.218014335287137 0.08914481173727759 0.2945301413507165 0.12350690351893483 20.1 0.776079092557777
8.8 0.04828888836680008 0.218014335287137 0.08914481173727759 0.2945301413507165 0.12350690351893483 20.0 0.7734850802608666
8.9 0.04828888836680008 0.218014335287137 0.08914481173727759 0.2945301413507165 0.12350690351893483 20.0 0.7734850802608666
9.0 0.04828888836680008 0.2201323230970178 0.08914481173727759 0.2961994922144214 0.12350690351893483 20.2 0.7772724189344522
9.1 0.04828888836680008 0.2201323230970178 0.08914481173727759 0.2961994922144214 0.12350690351893483 20.2 0.7772724189344522
9.200000000000001 0.04828888836680008 0.218014335287137 0.08914481173727759 0.2961994922144214 0.12350690351893483 20.1 0.7751544311245715
9.3 0.04828888836680008 0.218014335287137 0.08914481173727759 0.2961994922144214 0.12350690351893483 20.1 0.7751544311245715
9.4 0.04828888836680008 0.21575886063554192 0.08914481173727759 0.2961994922144214 0.12609339784735454 20.1 0.7754854508013961
9.5 0.04828888836680008 0.21575886063554192 0.08914481173727759 0.2961994922144214 0.12609339784735454 20.1 0.7754854508013961
9.600000000000001 0.04828888836680008 0.21334804768137125 0.08914481173727759 0.2961994922144214 0.12609339784735454 20.0 0.7730746378472253
9.700000000000001 0.04828888836680008 0.21334804768137125 0.08914481173727759 0.2961994922144214 0.12609339784735454 20.0 0.7730746378472253
9.8 0.04828888836680008 0.21334804768137125 0.08914481173727759 0.2961994922144214 0.12609339784735454 20.0 0.7730746378472253
9.9 0.04828888836680008 0.21334804768137125 0.08914481173727759 0.2987853147448721 0.12609339784735454 20.1 0.775660460377676
10.0 0.04828888836680008 0.2157185775786358 0.08914481173727759 0.2987853147448721 0.12609339784735454 20.2 0.7780309902749406
10.100000000000001 0.04828888836680008 0.2157185775786358 0.08914481173727759 0.2987853147448721 0.12609339784735454 20.2 0.7780309902749406
10.200000000000001 0.04828888836680008 0.21760807260239162 0.08914481173727759 0.2987853147448721 0.12609339784735454 20.3 0.7799204852986964
10.3 0.04828888836680008 0.21760807260239162 0.08914481173727759 0.2987853147448721 0.12609339784735454 20.3 0.7799204852986964
10.4 0.04828888836680008 0.21760807260239162 0.08914481173727759 0.2987853147448721 0.12609339784735454 20.3 0.7799204852986964
10.5 0.04828888836680008 0.21760807260239162 0.08914481173727759 0.30070705386090146 0.12609339784735454 20.4 0.7818422244147258
10.600000000000001 0.04828888836680008 0.22008216311250406 0.08914481173727759 0.30070705386090146 0.12609339784735454 20.5 0.7843163149248382
10.700000000000001 0.04828888836680008 0.22008216311250406 0.08914481173727759 0.30070705386090146 0.12609339784735454 20.5 0.7843163149248382
10.8 0.04828888836680008 0.22008216311250406 0.08914481173727759 0.30070705386090146 0.12609339784735454 20.5 0.7843163149248382
10.9 0.04828888836680008 0.22008216311250406 0.08914481173727759 0.30070705386090146 0.12609339784735454 20.5 0.7843163149248382
11.0 0.04828888836680008 0.22008216311250406 0.08914481173727759 0.30070705386090146 0.12609339784735454 20.5 0.7843163149248382
11.100000000000001 0.04828888836680008 0.22008216311250406 0.08914481173727759 0.30070705386090146 0.12609339784735454 20.5 0.7843163149248382
11.200000000000001 0.04828888836680008 0.22008216311250406 0.08914481173727759 0.30070705386090146 0.12609339784735454 20.5 0.7843163149248382
11.3 0.04828888836680008 0.22008216311250406 0.08914481173727759 0.30070705386090146 0.12609339784735454 20.5 0.7843163149248382
11.4 0.04828888836680008 0.22008216311250406 0.08914481173727759 0.30070705386090146 0.12609339784735454 20.5 0.7843163149248382
11.5 0.04828888836680008 0.22008216311250406 0.08914481173727759 0.30070705386090146 0.12609339784735454 20.5 0.7843163149248382
11.600000000000001 0.04828888836680008 0.22008216311250406 0.08914481173727759 0.30070705386090146 0.12609339784735454 20.5 0.7843163149248382
11.700000000000001 0.04828888836680008 0.22008216311250406 0.08914481173727759 0.30070705386090146 0.12609339784735454 20.5 0.7843163149248382
11.8 0.04828888836680008 0.22008216311250406 0.08914481173727759 0.30070705386090146 0.12609339784735454 20.5 0.7843163149248382
11.9 0.04828888836680008 0.22008216311250406 0.08914481173727759 0.30070705386090146 0.12782685214780748 20.6 0.7860497692252911
12.0 0.04828888836680008 0.2181926680887482 0.08914481173727759 0.30070705386090146 0.12782685214780748 20.5 0.7841602742015353
12.100000000000001 0.04828888836680008 0.2181926680887482 0.08914481173727759 0.30070705386090146 0.12782685214780748 20.5 0.7841602742015353
12.200000000000001 0.04828888836680008 0.2181926680887482 0.08914481173727759 0.30070705386090146 0.12782685214780748 20.5 0.7841602742015353
12.3 0.04828888836680008 0.2181926680887482 0.08914481173727759 0.30070705386090146 0.12782685214780748 20.5 0.7841602742015353
12.4 0.04828888836680008 0.2181926680887482 0.08914481173727759 0.30070705386090146 0.12782685214780748 20.5 0.7841602742015353
12.5 0.04828888836680008 0.2181926680887482 0.08914481173727759 0.30070705386090146 0.12782685214780748 20.5 0.7841602742015353
12.600000000000001 0.04828888836680008 0.2181926680887482 0.08914481173727759 0.30070705386090146 0.12782685214780748 20.5 0.7841602742015353
12.700000000000001 0.04828888836680008 0.2181926680887482 0.08914481173727759 0.30070705386090146 0.12782685214780748 20.5 0.7841602742015353
12.8 0.04828888836680008 0.2181926680887482 0.08914481173727759 0.30070705386090146 0.12782685214780748 20.5 0.7841602742015353
12.9 0.04828888836680008 0.2181926680887482 0.08914481173727759 0.30070705386090146 0.12782685214780748 20.5 0.7841602742015353
13.0 0.04828888836680008 0.2181926680887482 0.08914481173727759 0.30070705386090146 0.12782685214780748 20.5 0.7841602742015353
13.100000000000001 0.04828888836680008 0.2181926680887482 0.08914481173727759 0.30070705386090146 0.12782685214780748 20.5 0.7841602742015353
13.200000000000001 0.04828888836680008 0.2181926680887482 0.08914481173727759 0.30070705386090146 0.12782685214780748 20.5 0.7841602742015353
13.3 0.04828888836680008 0.2181926680887482 0.08914481173727759 0.30070705386090146 0.12782685214780748 20.5 0.7841602742015353
13.4 0.04828888836680008 0.2181926680887482 0.08914481173727759 0.30070705386090146 0.12782685214780748 20.5 0.7841602742015353
13.5 0.04828888836680008 0.2181926680887482 0.08914481173727759 0.30070705386090146 0.12782685214780748 20.5 0.7841602742015353
13.600000000000001 0.04828888836680008 0.2181926680887482 0.08914481173727759 0.30070705386090146 0.1299658942363609 20.6 0.7862993162900888
13.700000000000001 0.04828888836680008 0.2181926680887482 0.08914481173727759 0.30070705386090146 0.1299658942363609 20.6 0.7862993162900888
13.8 0.04828888836680008 0.2181926680887482 0.08914481173727759 0.30070705386090146 0.1299658942363609 20.6 0.7862993162900888
13.9 0.04828888836680008 0.2181926680887482 0.08914481173727759 0.30070705386090146 0.1299658942363609 20.6 0.7862993162900888
14.0 0.04828888836680008 0.2181926680887482 0.08914481173727759 0.30070705386090146 0.1299658942363609 20.6 0.7862993162900888
14.100000000000001 0.04828888836680008 0.22050447151210992 0.08914481173727759 0.30070705386090146 0.1299658942363609 20.7 0.7886111197134504
14.200000000000001 0.04828888836680008 0.22050447151210992 0.08914481173727759 0.30070705386090146 0.1299658942363609 20.7 0.7886111197134504
14.3 0.04828888836680008 0.22050447151210992 0.08914481173727759 0.30070705386090146 0.1299658942363609 20.7 0.7886111197134504
14.4 0.04828888836680008 0.22050447151210992 0.08914481173727759 0.30070705386090146 0.1299658942363609 20.7 0.7886111197134504
14.5 0.04828888836680008 0.22050447151210992 0.08914481173727759 0.30070705386090146 0.1299658942363609 20.7 0.7886111197134504
14.600000000000001 0.04828888836680008 0.22050447151210992 0.08914481173727759 0.30070705386090146 0.1299658942363609 20.7 0.7886111197134504
14.700000000000001 0.04828888836680008 0.22050447151210992 0.08914481173727759 0.30070705386090146 0.1299658942363609 20.7 0.7886111197134504
14.8 0.04828888836680008 0.22050447151210992 0.08914481173727759 0.30070705386090146 0.1299658942363609 20.7 0.7886111197134504
14.9 0.04828888836680008 0.22050447151210992 0.08914481173727759 0.30070705386090146 0.1299658942363609 20.7 0.7886111197134504
15.0 0.04828888836680008 0.22050447151210992 0.08914481173727759 0.30070705386090146 0.1299658942363609 20.7 0.7886111197134504
15.100000000000001 0.04828888836680008 0.22050447151210992 0.08914481173727759 0.30070705386090146 0.1299658942363609 20.7 0.7886111197134504
15.200000000000001 0.04828888836680008 0.22050447151210992 0.08914481173727759 0.30070705386090146 0.1299658942363609 20.7 0.7886111197134504
15.3 0.04828888836680008 0.22050447151210992 0.08914481173727759 0.30070705386090146 0.1299658942363609 20.7 0.7886111197134504
15.4 0.04828888836680008 0.22050447151210992 0.08914481173727759 0.30070705386090146 0.1299658942363609 20.7 0.7886111197134504
15.5 0.04828888836680008 0.22050447151210992 0.08914481173727759 0.30070705386090146 0.1299658942363609 20.7 0.7886111197134504
15.600000000000001 0.04828888836680008 0.22050447151210992 0.08914481173727759 0.30070705386090146 0.1299658942363609 20.7 0.7886111197134504
15.700000000000001 0.04828888836680008 0.22050447151210992 0.08914481173727759 0.30070705386090146 0.1299658942363609 20.7 0.7886111197134504
15.8 0.04828888836680008 0.22050447151210992 0.08914481173727759 0.30070705386090146 0.1299658942363609 20.7 0.7886111197134504
15.9 0.04828888836680008 0.22050447151210992 0.08914481173727759 0.30070705386090146 0.1299658942363609 20.7 0.7886111197134504
16.0 0.04828888836680008 0.22050447151210992 0.08914481173727759 0.30070705386090146 0.1299658942363609 20.7 0.7886111197134504
16.1 0.04828888836680008 0.22050447151210992 0.08914481173727759 0.30070705386090146 0.1299658942363609 20.7 0.7886111197134504
16.2 0.04828888836680008 0.22050447151210992 0.08914481173727759 0.30070705386090146 0.1299658942363609 20.7 0.7886111197134504
16.3 0.04828888836680008 0.22050447151210992 0.08914481173727759 0.3030731303869306 0.1299658942363609 20.8 0.7909771962394796
16.400000000000002 0.04828888836680008 0.22050447151210992 0.08914481173727759 0.3030731303869306 0.1299658942363609 20.8 0.7909771962394796
16.5 0.04828888836680008 0.22050447151210992 0.08914481173727759 0.3030731303869306 0.1299658942363609 20.8 0.7909771962394796
16.6 0.04828888836680008 0.22050447151210992 0.08914481173727759 0.3030731303869306 0.1299658942363609 20.8 0.7909771962394796
16.7 0.04828888836680008 0.22050447151210992 0.08914481173727759 0.3030731303869306 0.1299658942363609 20.8 0.7909771962394796
16.8 0.04828888836680008 0.22050447151210992 0.08914481173727759 0.3030731303869306 0.1299658942363609 20.8 0.7909771962394796
16.900000000000002 0.04828888836680008 0.22050447151210992 0.08914481173727759 0.3030731303869306 0.1299658942363609 20.8 0.7909771962394796
17.0 0.04828888836680008 0.22050447151210992 0.08914481173727759 0.3030731303869306 0.1299658942363609 20.8 0.7909771962394796
17.1 0.04828888836680008 0.22050447151210992 0.08914481173727759 0.3030731303869306 0.1299658942363609 20.8 0.7909771962394796
17.2 0.04828888836680008 0.22050447151210992 0.08914481173727759 0.3030731303869306 0.1299658942363609 20.8 0.7909771962394796
17.3 0.04828888836680008 0.22050447151210992 0.08914481173727759 0.3030731303869306 0.12823243993590797 20.7 0.7892437419390267
17.400000000000002 0.04828888836680008 0.22050447151210992 0.08914481173727759 0.3030731303869306 0.12823243993590797 20.7 0.7892437419390267
17.5 0.04828888836680008 0.22050447151210992 0.08914481173727759 0.3030731303869306 0.12823243993590797 20.7 0.7892437419390267
17.6 0.04828888836680008 0.22050447151210992 0.08914481173727759 0.3030731303869306 0.12823243993590797 20.7 0.7892437419390267
17.7 0.04828888836680008 0.22050447151210992 0.08914481173727759 0.3030731303869306 0.12823243993590797 20.7 0.7892437419390267
17.8 0.04828888836680008 0.22050447151210992 0.08914481173727759 0.3030731303869306 0.12823243993590797 20.7 0.7892437419390267
17.900000000000002 0.04828888836680008 0.22050447151210992 0.08914481173727759 0.304780824158739 0.12823243993590797 20.8 0.7909514357108351
18.0 0.04828888836680008 0.22050447151210992 0.08914481173727759 0.304780824158739 0.12823243993590797 20.8 0.7909514357108351
18.1 0.04828888836680008 0.22050447151210992 0.08914481173727759 0.304780824158739 0.12823243993590797 20.8 0.7909514357108351
18.2 0.04828888836680008 0.22050447151210992 0.08914481173727759 0.304780824158739 0.12428234048950633 20.7 0.7870013362644335
18.3 0.04828888836680008 0.22050447151210992 0.08914481173727759 0.304780824158739 0.12428234048950633 20.7 0.7870013362644335
18.400000000000002 0.04828888836680008 0.22050447151210992 0.08914481173727759 0.304780824158739 0.12428234048950633 20.7 0.7870013362644335
18.5 0.04828888836680008 0.22050447151210992 0.08914481173727759 0.304780824158739 0.12622369514107037 20.8 0.7889426909159974
18.6 0.04828888836680008 0.22050447151210992 0.08914481173727759 0.304780824158739 0.12622369514107037 20.8 0.7889426909159974
18.7 0.04828888836680008 0.22050447151210992 0.08914481173727759 0.304780824158739 0.12622369514107037 20.8 0.7889426909159974
18.8 0.04828888836680008 0.22050447151210992 0.08914481173727759 0.304780824158739 0.12622369514107037 20.8 0.7889426909159974
18.900000000000002 0.04828888836680008 0.22050447151210992 0.08914481173727759 0.3065891699389105 0.12622369514107037 20.9 0.7907510366961689
19.0 0.04828888836680008 0.22050447151210992 0.08914481173727759 0.3065891699389105 0.12622369514107037 20.9 0.7907510366961689
19.1 0.04828888836680008 0.22050447151210992 0.08914481173727759 0.3065891699389105 0.12622369514107037 20.9 0.7907510366961689
19.200000000000003 0.04828888836680008 0.22050447151210992 0.08914481173727759 0.3065891699389105 0.12622369514107037 20.9 0.7907510366961689
19.3 0.04828888836680008 0.22050447151210992 0.08914481173727759 0.3065891699389105 0.12622369514107037 20.9 0.7907510366961689
19.400000000000002 0.04828888836680008 0.22050447151210992 0.08914481173727759 0.3065891699389105 0.12622369514107037 20.9 0.7907510366961689
19.5 0.04828888836680008 0.22050447151210992 0.08914481173727759 0.3065891699389105 0.12622369514107037 20.9 0.7907510366961689
19.6 0.04828888836680008 0.22050447151210992 0.08914481173727759 0.3065891699389105 0.12622369514107037 20.9 0.7907510366961689
19.700000000000003 0.04828888836680008 0.22050447151210992 0.08914481173727759 0.3065891699389105 0.12622369514107037 20.9 0.7907510366961689
19.8 0.04828888836680008 0.22050447151210992 0.08914481173727759 0.3065891699389105 0.12622369514107037 20.9 0.7907510366961689
19.900000000000002 0.04828888836680008 0.22050447151210992 0.08914481173727759 0.3065891699389105 0.12622369514107037 20.9 0.7907510366961689
20.0 0.04828888836680008 0.22050447151210992 0.08914481173727759 0.3065891699389105 0.12622369514107037 20.9 0.7907510366961689
20.1 0.04828888836680008 0.22050447151210992 0.08914481173727759 0.3065891699389105 0.12622369514107037 20.9 0.7907510366961689
20.200000000000003 0.04828888836680008 0.22050447151210992 0.08914481173727759 0.3065891699389105 0.12622369514107037 20.9 0.7907510366961689
20.3 0.04828888836680008 0.22050447151210992 0.08914481173727759 0.3065891699389105 0.12622369514107037 20.9 0.7907510366961689
20.400000000000002 0.04828888836680008 0.22050447151210992 0.08914481173727759 0.3065891699389105 0.12622369514107037 20.9 0.7907510366961689
20.5 0.04828888836680008 0.22050447151210992 0.08914481173727759 0.3087431485426701 0.12622369514107037 21.0 0.7929050152999284
20.6 0.04828888836680008 0.22050447151210992 0.08914481173727759 0.3087431485426701 0.12622369514107037 21.0 0.7929050152999284
20.700000000000003 0.04828888836680008 0.22050447151210992 0.08914481173727759 0.3087431485426701 0.12622369514107037 21.0 0.7929050152999284
20.8 0.04828888836680008 0.22050447151210992 0.08914481173727759 0.3087431485426701 0.12622369514107037 21.0 0.7929050152999284
20.900000000000002 0.04828888836680008 0.22050447151210992 0.08914481173727759 0.3087431485426701 0.12622369514107037 21.0 0.7929050152999284
21.0 0.04828888836680008 0.22243477030284403 0.08914481173727759 0.3087431485426701 0.12622369514107037 21.1 0.7948353140906625
21.1 0.04828888836680008 0.22243477030284403 0.08914481173727759 0.3087431485426701 0.12622369514107037 21.1 0.7948353140906625
21.200000000000003 0.04828888836680008 0.22243477030284403 0.08914481173727759 0.3087431485426701 0.12622369514107037 21.1 0.7948353140906625
21.3 0.04828888836680008 0.22243477030284403 0.08914481173727759 0.3087431485426701 0.12622369514107037 21.1 0.7948353140906625
21.400000000000002 0.04828888836680008 0.22050447151210992 0.08914481173727759 0.3087431485426701 0.12622369514107037 21.0 0.7929050152999284
21.5 0.04828888836680008 0.22050447151210992 0.08914481173727759 0.3087431485426701 0.12622369514107037 21.0 0.7929050152999284
21.6 0.04828888836680008 0.22050447151210992 0.08914481173727759 0.3087431485426701 0.12622369514107037 21.0 0.7929050152999284
21.700000000000003 0.04828888836680008 0.22050447151210992 0.08914481173727759 0.3087431485426701 0.12622369514107037 21.0 0.7929050152999284
21.8 0.04828888836680008 0.22050447151210992 0.08914481173727759 0.3087431485426701 0.12622369514107037 21.0 0.7929050152999284
21.900000000000002 0.04828888836680008 0.22050447151210992 0.08914481173727759 0.3087431485426701 0.12622369514107037 21.0 0.7929050152999284
22.0 0.04828888836680008 0.22050447151210992 0.08914481173727759 0.3087431485426701 0.12622369514107037 21.0 0.7929050152999284
22.1 0.04828888836680008 0.22050447151210992 0.08914481173727759 0.3087431485426701 0.12622369514107037 21.0 0.7929050152999284
22.200000000000003 0.04828888836680008 0.22050447151210992 0.08914481173727759 0.3087431485426701 0.12622369514107037 21.0 0.7929050152999284
22.3 0.04828888836680008 0.2182031728043426 0.08914481173727759 0.3087431485426701 0.12622369514107037 20.9 0.790603716592161
22.400000000000002 0.04828888836680008 0.2182031728043426 0.08914481173727759 0.3087431485426701 0.12622369514107037 20.9 0.790603716592161
22.5 0.04828888836680008 0.2182031728043426 0.08914481173727759 0.3087431485426701 0.12622369514107037 20.9 0.790603716592161
22.6 0.04828888836680008 0.2182031728043426 0.08914481173727759 0.3087431485426701 0.12622369514107037 20.9 0.790603716592161
22.700000000000003 0.04828888836680008 0.2182031728043426 0.08914481173727759 0.3087431485426701 0.12622369514107037 20.9 0.790603716592161
22.8 0.04828888836680008 0.22127480456828294 0.08914481173727759 0.3087431485426701 0.12622369514107037 21.0 0.7936753483561014
22.900000000000002 0.04828888836680008 0.22127480456828294 0.08914481173727759 0.3087431485426701 0.12622369514107037 21.0 0.7936753483561014
23.0 0.04828888836680008 0.22127480456828294 0.08914481173727759 0.3087431485426701 0.12622369514107037 21.0 0.7936753483561014
23.1 0.04828888836680008 0.22127480456828294 0.08914481173727759 0.3087431485426701 0.12622369514107037 21.0 0.7936753483561014
23.200000000000003 0.04828888836680008 0.22127480456828294 0.08914481173727759 0.3087431485426701 0.12622369514107037 21.0 0.7936753483561014
23.3 0.04828888836680008 0.22127480456828294 0.08914481173727759 0.3087431485426701 0.12622369514107037 21.0 0.7936753483561014
23.400000000000002 0.04828888836680008 0.22310307456505152 0.08914481173727759 0.3087431485426701 0.12622369514107037 21.1 0.79550361835287
23.5 0.04828888836680008 0.22310307456505152 0.08914481173727759 0.3087431485426701 0.12622369514107037 21.1 0.79550361835287
23.6 0.04828888836680008 0.22310307456505152 0.08914481173727759 0.3087431485426701 0.12622369514107037 21.1 0.79550361835287
23.700000000000003 0.04828888836680008 0.22310307456505152 0.08914481173727759 0.3087431485426701 0.12622369514107037 21.1 0.79550361835287
23.8 0.04828888836680008 0.22310307456505152 0.08914481173727759 0.3087431485426701 0.12622369514107037 21.1 0.79550361835287
23.900000000000002 0.04828888836680008 0.22310307456505152 0.08914481173727759 0.3087431485426701 0.12622369514107037 21.1 0.79550361835287
24.0 0.04828888836680008 0.22310307456505152 0.08914481173727759 0.3087431485426701 0.12622369514107037 21.1 0.79550361835287
24.1 0.04828888836680008 0.22310307456505152 0.08914481173727759 0.3087431485426701 0.12622369514107037 21.1 0.79550361835287
24.200000000000003 0.04828888836680008 0.22310307456505152 0.08914481173727759 0.3087431485426701 0.12622369514107037 21.1 0.79550361835287
24.3 0.04828888836680008 0.22310307456505152 0.08914481173727759 0.3087431485426701 0.12622369514107037 21.1 0.79550361835287
24.400000000000002 0.04828888836680008 0.22310307456505152 0.08914481173727759 0.3087431485426701 0.12787100365075554 21.2 0.7971509268625552
24.5 0.04828888836680008 0.22310307456505152 0.08914481173727759 0.3087431485426701 0.12787100365075554 21.2 0.7971509268625552
24.6 0.04828888836680008 0.22310307456505152 0.08914481173727759 0.3087431485426701 0.12787100365075554 21.2 0.7971509268625552
24.700000000000003 0.04828888836680008 0.22310307456505152 0.08914481173727759 0.3087431485426701 0.12787100365075554 21.2 0.7971509268625552
24.8 0.04828888836680008 0.22310307456505152 0.08914481173727759 0.3087431485426701 0.12787100365075554 21.2 0.7971509268625552
24.900000000000002 0.04828888836680008 0.22310307456505152 0.08914481173727759 0.3087431485426701 0.12787100365075554 21.2 0.7971509268625552
25.0 0.04828888836680008 0.22310307456505152 0.08914481173727759 0.3087431485426701 0.12787100365075554 21.2 0.7971509268625552
25.1 0.04828888836680008 0.22310307456505152 0.08914481173727759 0.3087431485426701 0.12787100365075554 21.2 0.7971509268625552
25.200000000000003 0.04828888836680008 0.22310307456505152 0.08914481173727759 0.3087431485426701 0.12787100365075554 21.2 0.7971509268625552
25.3 0.04828888836680008 0.22310307456505152 0.08914481173727759 0.3087431485426701 0.12787100365075554 21.2 0.7971509268625552
25.400000000000002 0.04543694324817976 0.22310307456505152 0.08914481173727759 0.3087431485426701 0.12787100365075554 21.1 0.7942989817439349
25.5 0.04543694324817976 0.22310307456505152 0.08914481173727759 0.3087431485426701 0.12787100365075554 21.1 0.7942989817439349
25.6 0.04543694324817976 0.22310307456505152 0.08914481173727759 0.3087431485426701 0.12787100365075554 21.1 0.7942989817439349
25.700000000000003 0.04543694324817976 0.22310307456505152 0.08914481173727759 0.3087431485426701 0.12787100365075554 21.1 0.7942989817439349
25.8 0.04543694324817976 0.22310307456505152 0.08914481173727759 0.3087431485426701 0.12787100365075554 21.1 0.7942989817439349
25.900000000000002 0.04543694324817976 0.22310307456505152 0.08914481173727759 0.3087431485426701 0.12787100365075554 21.1 0.7942989817439349
26.0 0.04543694324817976 0.22310307456505152 0.08914481173727759 0.3087431485426701 0.12316983221228388 21.0 0.7895978103054633
26.1 0.04543694324817976 0.22310307456505152 0.08914481173727759 0.3087431485426701 0.12316983221228388 21.0 0.7895978103054633
26.200000000000003 0.04543694324817976 0.22310307456505152 0.08914481173727759 0.3087431485426701 0.12316983221228388 21.0 0.7895978103054633
26.3 0.04543694324817976 0.22310307456505152 0.08914481173727759 0.31117854965865305 0.12316983221228388 21.1 0.7920332114214462
26.400000000000002 0.04543694324817976 0.22310307456505152 0.08914481173727759 0.31117854965865305 0.12316983221228388 21.1 0.7920332114214462
26.5 0.04543694324817976 0.22310307456505152 0.08914481173727759 0.31117854965865305 0.12316983221228388 21.1 0.7920332114214462
26.6 0.04543694324817976 0.22310307456505152 0.08914481173727759 0.31117854965865305 0.12316983221228388 21.1 0.7920332114214462
26.700000000000003 0.04543694324817976 0.22310307456505152 0.08914481173727759 0.31117854965865305 0.12152252370259871 21.0 0.790385902911761
26.8 0.04543694324817976 0.2209435905840528 0.08914481173727759 0.31117854965865305 0.12152252370259871 20.9 0.7882264189307623
26.900000000000002 0.04543694324817976 0.2209435905840528 0.08914481173727759 0.31117854965865305 0.12152252370259871 20.9 0.7882264189307623
27.0 0.04543694324817976 0.2209435905840528 0.08914481173727759 0.31117854965865305 0.12152252370259871 20.9 0.7882264189307623
27.1 0.04543694324817976 0.2209435905840528 0.08914481173727759 0.31117854965865305 0.12152252370259871 20.9 0.7882264189307623
27.200000000000003 0.04543694324817976 0.22289186985171416 0.08914481173727759 0.31117854965865305 0.12152252370259871 21.0 0.7901746981984237
27.3 0.04543694324817976 0.22289186985171416 0.08914481173727759 0.31117854965865305 0.12152252370259871 21.0 0.7901746981984237
27.400000000000002 0.04543694324817976 0.22289186985171416 0.08914481173727759 0.31117854965865305 0.12152252370259871 21.0 0.7901746981984237
27.5 0.04543694324817976 0.22289186985171416 0.08914481173727759 0.31117854965865305 0.12152252370259871 21.0 0.7901746981984237
27.6 0.04543694324817976 0.22289186985171416 0.08914481173727759 0.31117854965865305 0.12152252370259871 21.0 0.7901746981984237
27.700000000000003 0.04543694324817976 0.22289186985171416 0.08914481173727759 0.31117854965865305 0.12152252370259871 21.0 0.7901746981984237
27.8 0.04543694324817976 0.22289186985171416 0.08914481173727759 0.31117854965865305 0.12152252370259871 21.0 0.7901746981984237
27.900000000000002 0.04543694324817976 0.22289186985171416 0.08914481173727759 0.31117854965865305 0.12152252370259871 21.0 0.7901746981984237
28.0 0.04543694324817976 0.22289186985171416 0.08914481173727759 0.31117854965865305 0.12152252370259871 21.0 0.7901746981984237
28.1 0.04543694324817976 0.22289186985171416 0.08914481173727759 0.31117854965865305 0.12152252370259871 21.0 0.7901746981984237
28.200000000000003 0.04543694324817976 0.22289186985171416 0.08914481173727759 0.31117854965865305 0.12152252370259871 21.0 0.7901746981984237
28.3 0.04543694324817976 0.22289186985171416 0.08914481173727759 0.31117854965865305 0.12152252370259871 21.0 0.7901746981984237
28.400000000000002 0.04543694324817976 0.22289186985171416 0.08914481173727759 0.31117854965865305 0.12152252370259871 21.0 0.7901746981984237
28.5 0.04543694324817976 0.22289186985171416 0.08914481173727759 0.31117854965865305 0.12152252370259871 21.0 0.7901746981984237
28.6 0.04543694324817976 0.22289186985171416 0.08914481173727759 0.31117854965865305 0.12152252370259871 21.0 0.7901746981984237
28.700000000000003 0.04543694324817976 0.22289186985171416 0.08914481173727759 0.31117854965865305 0.12152252370259871 21.0 0.7901746981984237
28.8 0.04543694324817976 0.22289186985171416 0.08914481173727759 0.31117854965865305 0.12152252370259871 21.0 0.7901746981984237
28.900000000000002 0.04543694324817976 0.22289186985171416 0.08914481173727759 0.31117854965865305 0.12152252370259871 21.0 0.7901746981984237
29.0 0.04543694324817976 0.22289186985171416 0.08914481173727759 0.31117854965865305 0.12152252370259871 21.0 0.7901746981984237
29.1 0.04543694324817976 0.22289186985171416 0.08914481173727759 0.31117854965865305 0.12152252370259871 21.0 0.7901746981984237
29.200000000000003 0.04543694324817976 0.22289186985171416 0.08914481173727759 0.31117854965865305 0.12152252370259871 21.0 0.7901746981984237
29.3 0.04543694324817976 0.22289186985171416 0.08914481173727759 0.31117854965865305 0.12152252370259871 21.0 0.7901746981984237
29.400000000000002 0.04543694324817976 0.22289186985171416 0.08914481173727759 0.31117854965865305 0.12152252370259871 21.0 0.7901746981984237
29.5 0.04543694324817976 0.22289186985171416 0.08914481173727759 0.31117854965865305 0.12152252370259871 21.0 0.7901746981984237
29.6 0.04543694324817976 0.22289186985171416 0.08914481173727759 0.31117854965865305 0.12152252370259871 21.0 0.7901746981984237
29.700000000000003 0.04543694324817976 0.22289186985171416 0.08914481173727759 0.31117854965865305 0.12152252370259871 21.0 0.7901746981984237
29.8 0.04543694324817976 0.22289186985171416 0.08914481173727759 0.31117854965865305 0.12152252370259871 21.0 0.7901746981984237
29.900000000000002 0.04543694324817976 0.22289186985171416 0.08914481173727759 0.31117854965865305 0.12152252370259871 21.0 0.7901746981984237
30.0 0.04543694324817976 0.22289186985171416 0.08914481173727759 0.31117854965865305 0.12152252370259871 21.0 0.7901746981984237
30.1 0.04543694324817976 0.22289186985171416 0.08914481173727759 0.31117854965865305 0.12152252370259871 21.0 0.7901746981984237
30.200000000000003 0.04543694324817976 0.22289186985171416 0.08914481173727759 0.31117854965865305 0.12152252370259871 21.0 0.7901746981984237
30.3 0.04543694324817976 0.22289186985171416 0.08914481173727759 0.31117854965865305 0.12152252370259871 21.0 0.7901746981984237
30.400000000000002 0.04543694324817976 0.22289186985171416 0.08914481173727759 0.31117854965865305 0.12152252370259871 21.0 0.7901746981984237
30.5 0.04543694324817976 0.22289186985171416 0.08914481173727759 0.31117854965865305 0.12152252370259871 21.0 0.7901746981984237
30.6 0.04543694324817976 0.22289186985171416 0.08914481173727759 0.31117854965865305 0.12152252370259871 21.0 0.7901746981984237
30.700000000000003 0.04543694324817976 0.22289186985171416 0.08914481173727759 0.31117854965865305 0.12152252370259871 21.0 0.7901746981984237
30.8 0.04543694324817976 0.22289186985171416 0.08914481173727759 0.31117854965865305 0.12152252370259871 21.0 0.7901746981984237
30.900000000000002 0.04543694324817976 0.22289186985171416 0.08914481173727759 0.31117854965865305 0.12152252370259871 21.0 0.7901746981984237
31.0 0.04543694324817976 0.22289186985171416 0.08914481173727759 0.31117854965865305 0.12152252370259871 21.0 0.7901746981984237
31.1 0.04543694324817976 0.22289186985171416 0.08914481173727759 0.31117854965865305 0.12152252370259871 21.0 0.7901746981984237
31.200000000000003 0.04543694324817976 0.22289186985171416 0.08914481173727759 0.31117854965865305 0.12152252370259871 21.0 0.7901746981984237
31.3 0.04543694324817976 0.22289186985171416 0.08914481173727759 0.31117854965865305 0.12152252370259871 21.0 0.7901746981984237
31.400000000000002 0.04543694324817976 0.22289186985171416 0.08914481173727759 0.31117854965865305 0.12152252370259871 21.0 0.7901746981984237
31.5 0.04543694324817976 0.22289186985171416 0.08914481173727759 0.31117854965865305 0.12152252370259871 21.0 0.7901746981984237
31.6 0.04543694324817976 0.22289186985171416 0.08914481173727759 0.31117854965865305 0.12152252370259871 21.0 0.7901746981984237
31.700000000000003 0.04543694324817976 0.22289186985171416 0.08914481173727759 0.31117854965865305 0.12152252370259871 21.0 0.7901746981984237
31.8 0.04543694324817976 0.22289186985171416 0.08914481173727759 0.31117854965865305 0.12152252370259871 21.0 0.7901746981984237
31.900000000000002 0.04543694324817976 0.22289186985171416 0.08914481173727759 0.31117854965865305 0.12152252370259871 21.0 0.7901746981984237
32.0 0.04543694324817976 0.22289186985171416 0.08914481173727759 0.31117854965865305 0.12152252370259871 21.0 0.7901746981984237
32.1 0.04543694324817976 0.22289186985171416 0.08914481173727759 0.31117854965865305 0.12152252370259871 21.0 0.7901746981984237
32.2 0.04543694324817976 0.22289186985171416 0.08914481173727759 0.31117854965865305 0.12152252370259871 21.0 0.7901746981984237
32.300000000000004 0.04543694324817976 0.22289186985171416 0.08914481173727759 0.31117854965865305 0.12152252370259871 21.0 0.7901746981984237
32.4 0.04543694324817976 0.22289186985171416 0.08914481173727759 0.31117854965865305 0.12152252370259871 21.0 0.7901746981984237
32.5 0.04543694324817976 0.22289186985171416 0.08914481173727759 0.31117854965865305 0.12152252370259871 21.0 0.7901746981984237
32.6 0.04543694324817976 0.22289186985171416 0.08914481173727759 0.3132171308727549 0.12152252370259871 21.1 0.7922132794125256
32.7 0.04543694324817976 0.22289186985171416 0.08914481173727759 0.3132171308727549 0.12152252370259871 21.1 0.7922132794125256
32.800000000000004 0.04543694324817976 0.22289186985171416 0.08914481173727759 0.3132171308727549 0.12152252370259871 21.1 0.7922132794125256
32.9 0.04543694324817976 0.22289186985171416 0.08914481173727759 0.3132171308727549 0.12152252370259871 21.1 0.7922132794125256
33.0 0.04543694324817976 0.22289186985171416 0.08914481173727759 0.3132171308727549 0.12152252370259871 21.1 0.7922132794125256
33.1 0.04543694324817976 0.22289186985171416 0.08914481173727759 0.3132171308727549 0.12152252370259871 21.1 0.7922132794125256
33.2 0.04543694324817976 0.22289186985171416 0.08914481173727759 0.3132171308727549 0.12152252370259871 21.1 0.7922132794125256
33.300000000000004 0.04543694324817976 0.22289186985171416 0.08914481173727759 0.3132171308727549 0.12152252370259871 21.1 0.7922132794125256
33.4 0.04543694324817976 0.22289186985171416 0.08914481173727759 0.3132171308727549 0.12152252370259871 21.1 0.7922132794125256
33.5 0.04543694324817976 0.22289186985171416 0.08914481173727759 0.3132171308727549 0.12152252370259871 21.1 0.7922132794125256
33.6 0.04543694324817976 0.22289186985171416 0.08914481173727759 0.3132171308727549 0.12152252370259871 21.1 0.7922132794125256
33.7 0.04543694324817976 0.22289186985171416 0.08914481173727759 0.3132171308727549 0.12152252370259871 21.1 0.7922132794125256
33.800000000000004 0.04543694324817976 0.22289186985171416 0.08914481173727759 0.3132171308727549 0.12152252370259871 21.1 0.7922132794125256
33.9 0.04543694324817976 0.2193462918012948 0.08914481173727759 0.3132171308727549 0.12152252370259871 21.0 0.7886677013621062
34.0 0.04543694324817976 0.2193462918012948 0.08914481173727759 0.3132171308727549 0.12572347026560943 21.1 0.7928686479251169
34.1 0.04543694324817976 0.2193462918012948 0.08914481173727759 0.3132171308727549 0.12572347026560943 21.1 0.7928686479251169
34.2 0.04543694324817976 0.2193462918012948 0.08914481173727759 0.3132171308727549 0.12572347026560943 21.1 0.7928686479251169
34.300000000000004 0.04543694324817976 0.2193462918012948 0.08914481173727759 0.3132171308727549 0.12572347026560943 21.1 0.7928686479251169
34.4 0.04543694324817976 0.2193462918012948 0.08914481173727759 0.3132171308727549 0.12572347026560943 21.1 0.7928686479251169
34.5 0.04543694324817976 0.2193462918012948 0.08914481173727759 0.3132171308727549 0.12572347026560943 21.1 0.7928686479251169
34.6 0.04543694324817976 0.2193462918012948 0.08914481173727759 0.3132171308727549 0.12572347026560943 21.1 0.7928686479251169
34.7 0.04543694324817976 0.2193462918012948 0.08914481173727759 0.3132171308727549 0.12572347026560943 21.1 0.7928686479251169
34.800000000000004 0.04543694324817976 0.2193462918012948 0.08914481173727759 0.3132171308727549 0.12572347026560943 21.1 0.7928686479251169
34.9 0.04543694324817976 0.2193462918012948 0.08914481173727759 0.3132171308727549 0.12572347026560943 21.1 0.7928686479251169
35.0 0.04543694324817976 0.2193462918012948 0.08914481173727759 0.3132171308727549 0.12572347026560943 21.1 0.7928686479251169
35.1 0.04543694324817976 0.2193462918012948 0.08914481173727759 0.3132171308727549 0.12572347026560943 21.1 0.7928686479251169
35.2 0.04543694324817976 0.2193462918012948 0.08914481173727759 0.3132171308727549 0.12572347026560943 21.1 0.7928686479251169
35.300000000000004 0.04543694324817976 0.2193462918012948 0.08914481173727759 0.3132171308727549 0.12572347026560943 21.1 0.7928686479251169
35.4 0.04543694324817976 0.2193462918012948 0.08914481173727759 0.3132171308727549 0.12572347026560943 21.1 0.7928686479251169
35.5 0.04543694324817976 0.2193462918012948 0.08914481173727759 0.3132171308727549 0.12572347026560943 21.1 0.7928686479251169
35.6 0.04543694324817976 0.2193462918012948 0.08914481173727759 0.3132171308727549 0.12572347026560943 21.1 0.7928686479251169
35.7 0.04543694324817976 0.2193462918012948 0.08914481173727759 0.3132171308727549 0.12572347026560943 21.1 0.7928686479251169
35.800000000000004 0.04543694324817976 0.2193462918012948 0.08914481173727759 0.3132171308727549 0.12572347026560943 21.1 0.7928686479251169
35.9 0.04543694324817976 0.2193462918012948 0.08914481173727759 0.3132171308727549 0.12572347026560943 21.1 0.7928686479251169
36.0 0.04543694324817976 0.2193462918012948 0.08914481173727759 0.3132171308727549 0.12572347026560943 21.1 0.7928686479251169
36.1 0.04543694324817976 0.2193462918012948 0.08914481173727759 0.3132171308727549 0.12572347026560943 21.1 0.7928686479251169
36.2 0.04543694324817976 0.2193462918012948 0.08914481173727759 0.3132171308727549 0.12572347026560943 21.1 0.7928686479251169
36.300000000000004 0.04543694324817976 0.21728425337155294 0.08914481173727759 0.3132171308727549 0.12572347026560943 21.0 0.790806609495375
36.4 0.04543694324817976 0.21728425337155294 0.08914481173727759 0.3132171308727549 0.12572347026560943 21.0 0.790806609495375
36.5 0.04543694324817976 0.21728425337155294 0.08914481173727759 0.3132171308727549 0.12572347026560943 21.0 0.790806609495375
36.6 0.04543694324817976 0.21728425337155294 0.08914481173727759 0.3132171308727549 0.12572347026560943 21.0 0.790806609495375
36.7 0.04543694324817976 0.21728425337155294 0.08914481173727759 0.3132171308727549 0.12572347026560943 21.0 0.790806609495375
36.800000000000004 0.04543694324817976 0.21728425337155294 0.08914481173727759 0.3132171308727549 0.12572347026560943 21.0 0.790806609495375
36.9 0.04543694324817976 0.21728425337155294 0.08914481173727759 0.3132171308727549 0.12572347026560943 21.0 0.790806609495375
37.0 0.04543694324817976 0.21728425337155294 0.08914481173727759 0.3132171308727549 0.12572347026560943 21.0 0.790806609495375
37.1 0.04543694324817976 0.21728425337155294 0.08914481173727759 0.3132171308727549 0.12572347026560943 21.0 0.790806609495375
37.2 0.04543694324817976 0.21728425337155294 0.08914481173727759 0.3132171308727549 0.12572347026560943 21.0 0.790806609495375
37.300000000000004 0.04543694324817976 0.21728425337155294 0.08914481173727759 0.3132171308727549 0.12572347026560943 21.0 0.790806609495375
37.4 0.04543694324817976 0.21728425337155294 0.08914481173727759 0.3132171308727549 0.12572347026560943 21.0 0.790806609495375
37.5 0.04543694324817976 0.21728425337155294 0.08914481173727759 0.3132171308727549 0.12572347026560943 21.0 0.790806609495375
37.6 0.04543694324817976 0.21728425337155294 0.08914481173727759 0.3132171308727549 0.12572347026560943 21.0 0.790806609495375
37.7 0.04543694324817976 0.21728425337155294 0.08914481173727759 0.3132171308727549 0.12572347026560943 21.0 0.790806609495375
37.800000000000004 0.04543694324817976 0.21728425337155294 0.08914481173727759 0.3132171308727549 0.12572347026560943 21.0 0.790806609495375
37.9 0.04543694324817976 0.21728425337155294 0.08914481173727759 0.3132171308727549 0.12572347026560943 21.0 0.790806609495375
38.0 0.04543694324817976 0.21728425337155294 0.08914481173727759 0.3132171308727549 0.12572347026560943 21.0 0.790806609495375
38.1 0.04543694324817976 0.21728425337155294 0.08914481173727759 0.3132171308727549 0.12572347026560943 21.0 0.790806609495375
38.2 0.04543694324817976 0.21728425337155294 0.08914481173727759 0.3132171308727549 0.12572347026560943 21.0 0.790806609495375
38.300000000000004 0.04543694324817976 0.21728425337155294 0.08914481173727759 0.3132171308727549 0.12572347026560943 21.0 0.790806609495375
38.400000000000006 0.04543694324817976 0.21923469754870348 0.08914481173727759 0.3132171308727549 0.12572347026560943 21.1 0.7927570536725255
38.5 0.04543694324817976 0.21923469754870348 0.08914481173727759 0.3132171308727549 0.12572347026560943 21.1 0.7927570536725255
38.6 0.04543694324817976 0.21923469754870348 0.08914481173727759 0.3132171308727549 0.12572347026560943 21.1 0.7927570536725255
38.7 0.04543694324817976 0.21923469754870348 0.08914481173727759 0.3132171308727549 0.12572347026560943 21.1 0.7927570536725255
38.800000000000004 0.04543694324817976 0.21923469754870348 0.08914481173727759 0.3132171308727549 0.12572347026560943 21.1 0.7927570536725255
38.900000000000006 0.04543694324817976 0.21923469754870348 0.08914481173727759 0.3132171308727549 0.12572347026560943 21.1 0.7927570536725255
39.0 0.04543694324817976 0.21923469754870348 0.08914481173727759 0.3132171308727549 0.12572347026560943 21.1 0.7927570536725255
39.1 0.04543694324817976 0.21923469754870348 0.08914481173727759 0.3132171308727549 0.12572347026560943 21.1 0.7927570536725255
39.2 0.04543694324817976 0.21923469754870348 0.08914481173727759 0.3132171308727549 0.12572347026560943 21.1 0.7927570536725255
39.300000000000004 0.04543694324817976 0.21923469754870348 0.08914481173727759 0.3132171308727549 0.12572347026560943 21.1 0.7927570536725255
39.400000000000006 0.04543694324817976 0.21923469754870348 0.08914481173727759 0.3132171308727549 0.12572347026560943 21.1 0.7927570536725255
39.5 0.04543694324817976 0.21923469754870348 0.08914481173727759 0.3132171308727549 0.12572347026560943 21.1 0.7927570536725255
39.6 0.04543694324817976 0.21923469754870348 0.08914481173727759 0.3132171308727549 0.12572347026560943 21.1 0.7927570536725255
39.7 0.04543694324817976 0.21923469754870348 0.08914481173727759 0.3132171308727549 0.12572347026560943 21.1 0.7927570536725255
39.800000000000004 0.04543694324817976 0.21923469754870348 0.08914481173727759 0.3132171308727549 0.12572347026560943 21.1 0.7927570536725255
39.900000000000006 0.04543694324817976 0.21923469754870348 0.08914481173727759 0.3132171308727549 0.12572347026560943 21.1 0.7927570536725255
40.0 0.04543694324817976 0.21923469754870348 0.08914481173727759 0.3132171308727549 0.12572347026560943 21.1 0.7927570536725255
40.1 0.04543694324817976 0.21923469754870348 0.08914481173727759 0.3132171308727549 0.12572347026560943 21.1 0.7927570536725255
40.2 0.04543694324817976 0.21923469754870348 0.08914481173727759 0.3132171308727549 0.12572347026560943 21.1 0.7927570536725255
40.300000000000004 0.04543694324817976 0.21923469754870348 0.08914481173727759 0.3132171308727549 0.12572347026560943 21.1 0.7927570536725255
40.400000000000006 0.04543694324817976 0.21923469754870348 0.08914481173727759 0.3132171308727549 0.12572347026560943 21.1 0.7927570536725255
40.5 0.04543694324817976 0.21923469754870348 0.08914481173727759 0.3132171308727549 0.12572347026560943 21.1 0.7927570536725255
40.6 0.04543694324817976 0.21923469754870348 0.08914481173727759 0.3132171308727549 0.12572347026560943 21.1 0.7927570536725255
40.7 0.04543694324817976 0.21923469754870348 0.08914481173727759 0.3132171308727549 0.12572347026560943 21.1 0.7927570536725255
40.800000000000004 0.04543694324817976 0.21923469754870348 0.08914481173727759 0.3132171308727549 0.12572347026560943 21.1 0.7927570536725255
40.900000000000006 0.04543694324817976 0.21923469754870348 0.08914481173727759 0.3132171308727549 0.12572347026560943 21.1 0.7927570536725255
41.0 0.04543694324817976 0.21923469754870348 0.08914481173727759 0.3132171308727549 0.12572347026560943 21.1 0.7927570536725255
41.1 0.04543694324817976 0.21923469754870348 0.08914481173727759 0.3132171308727549 0.12572347026560943 21.1 0.7927570536725255
41.2 0.04543694324817976 0.21923469754870348 0.08914481173727759 0.31526925705577585 0.12572347026560943 21.2 0.7948091798555464
41.300000000000004 0.04543694324817976 0.21923469754870348 0.08914481173727759 0.31526925705577585 0.12572347026560943 21.2 0.7948091798555464
41.400000000000006 0.04543694324817976 0.21923469754870348 0.08914481173727759 0.31526925705577585 0.12572347026560943 21.2 0.7948091798555464
41.5 0.04543694324817976 0.21923469754870348 0.08914481173727759 0.31526925705577585 0.12572347026560943 21.2 0.7948091798555464
41.6 0.04543694324817976 0.21923469754870348 0.08914481173727759 0.31526925705577585 0.12572347026560943 21.2 0.7948091798555464
41.7 0.04543694324817976 0.21923469754870348 0.08914481173727759 0.31526925705577585 0.12572347026560943 21.2 0.7948091798555464
41.800000000000004 0.04543694324817976 0.21923469754870348 0.08914481173727759 0.31526925705577585 0.12572347026560943 21.2 0.7948091798555464
41.900000000000006 0.04543694324817976 0.21923469754870348 0.08914481173727759 0.31526925705577585 0.12572347026560943 21.2 0.7948091798555464
42.0 0.04543694324817976 0.21923469754870348 0.08914481173727759 0.31526925705577585 0.12572347026560943 21.2 0.7948091798555464
42.1 0.04543694324817976 0.21923469754870348 0.08914481173727759 0.31526925705577585 0.12572347026560943 21.2 0.7948091798555464
42.2 0.04543694324817976 0.21923469754870348 0.08914481173727759 0.31526925705577585 0.12572347026560943 21.2 0.7948091798555464
42.300000000000004 0.04543694324817976 0.21923469754870348 0.08914481173727759 0.31526925705577585 0.12572347026560943 21.2 0.7948091798555464
42.400000000000006 0.04543694324817976 0.21923469754870348 0.08914481173727759 0.31526925705577585 0.12572347026560943 21.2 0.7948091798555464
42.5 0.04543694324817976 0.21923469754870348 0.08914481173727759 0.31526925705577585 0.12572347026560943 21.2 0.7948091798555464
42.6 0.04543694324817976 0.21923469754870348 0.08914481173727759 0.31526925705577585 0.12572347026560943 21.2 0.7948091798555464
42.7 0.04543694324817976 0.21923469754870348 0.08914481173727759 0.31526925705577585 0.12572347026560943 21.2 0.7948091798555464
42.800000000000004 0.04543694324817976 0.21923469754870348 0.08914481173727759 0.31526925705577585 0.12572347026560943 21.2 0.7948091798555464
42.900000000000006 0.04543694324817976 0.21923469754870348 0.08914481173727759 0.31526925705577585 0.12572347026560943 21.2 0.7948091798555464
43.0 0.04543694324817976 0.21923469754870348 0.08914481173727759 0.31526925705577585 0.12572347026560943 21.2 0.7948091798555464
43.1 0.04543694324817976 0.21923469754870348 0.08914481173727759 0.31526925705577585 0.12572347026560943 21.2 0.7948091798555464
43.2 0.04543694324817976 0.21923469754870348 0.08914481173727759 0.31726836470886605 0.12572347026560943 21.3 0.7968082875086366
43.300000000000004 0.04543694324817976 0.21923469754870348 0.08914481173727759 0.31726836470886605 0.12572347026560943 21.3 0.7968082875086366
43.400000000000006 0.04543694324817976 0.21923469754870348 0.08914481173727759 0.31726836470886605 0.12572347026560943 21.3 0.7968082875086366
43.5 0.04543694324817976 0.21923469754870348 0.08914481173727759 0.31726836470886605 0.12572347026560943 21.3 0.7968082875086366
43.6 0.04543694324817976 0.21923469754870348 0.08914481173727759 0.31726836470886605 0.12572347026560943 21.3 0.7968082875086366
43.7 0.04543694324817976 0.21923469754870348 0.08914481173727759 0.31726836470886605 0.12572347026560943 21.3 0.7968082875086366
43.800000000000004 0.04543694324817976 0.21923469754870348 0.08914481173727759 0.31726836470886605 0.12572347026560943 21.3 0.7968082875086366
43.900000000000006 0.04543694324817976 0.21923469754870348 0.08914481173727759 0.31726836470886605 0.12572347026560943 21.3 0.7968082875086366
44.0 0.04543694324817976 0.21923469754870348 0.08914481173727759 0.31726836470886605 0.12572347026560943 21.3 0.7968082875086366
44.1 0.04543694324817976 0.21923469754870348 0.08914481173727759 0.31726836470886605 0.12572347026560943 21.3 0.7968082875086366
44.2 0.04543694324817976 0.21923469754870348 0.08914481173727759 0.31726836470886605 0.12572347026560943 21.3 0.7968082875086366
44.300000000000004 0.04543694324817976 0.21923469754870348 0.08914481173727759 0.31726836470886605 0.12572347026560943 21.3 0.7968082875086366
44.400000000000006 0.04543694324817976 0.21923469754870348 0.08914481173727759 0.31726836470886605 0.12572347026560943 21.3 0.7968082875086366
44.5 0.04543694324817976 0.21923469754870348 0.08914481173727759 0.31726836470886605 0.12572347026560943 21.3 0.7968082875086366
44.6 0.04543694324817976 0.21923469754870348 0.08914481173727759 0.31726836470886605 0.12572347026560943 21.3 0.7968082875086366
44.7 0.04543694324817976 0.21923469754870348 0.08914481173727759 0.31726836470886605 0.12572347026560943 21.3 0.7968082875086366
44.800000000000004 0.04543694324817976 0.21923469754870348 0.08914481173727759 0.31726836470886605 0.12572347026560943 21.3 0.7968082875086366
44.900000000000006 0.04543694324817976 0.21923469754870348 0.08914481173727759 0.31726836470886605 0.12572347026560943 21.3 0.7968082875086366
45.0 0.04543694324817976 0.21923469754870348 0.08914481173727759 0.31726836470886605 0.12572347026560943 21.3 0.7968082875086366
45.1 0.04543694324817976 0.21923469754870348 0.08914481173727759 0.31726836470886605 0.12572347026560943 21.3 0.7968082875086366
45.2 0.04543694324817976 0.21923469754870348 0.08914481173727759 0.31726836470886605 0.12572347026560943 21.3 0.7968082875086366
45.300000000000004 0.04543694324817976 0.21923469754870348 0.08914481173727759 0.31726836470886605 0.12572347026560943 21.3 0.7968082875086366
45.400000000000006 0.04543694324817976 0.21923469754870348 0.08914481173727759 0.31726836470886605 0.12572347026560943 21.3 0.7968082875086366
45.5 0.04543694324817976 0.21923469754870348 0.08914481173727759 0.31726836470886605 0.12572347026560943 21.3 0.7968082875086366
45.6 0.04543694324817976 0.21923469754870348 0.08914481173727759 0.31726836470886605 0.12572347026560943 21.3 0.7968082875086366
45.7 0.04543694324817976 0.21923469754870348 0.08914481173727759 0.31726836470886605 0.12572347026560943 21.3 0.7968082875086366
45.800000000000004 0.04543694324817976 0.21923469754870348 0.08914481173727759 0.31726836470886605 0.12572347026560943 21.3 0.7968082875086366
45.900000000000006 0.04543694324817976 0.21923469754870348 0.08914481173727759 0.31726836470886605 0.12572347026560943 21.3 0.7968082875086366
46.0 0.04543694324817976 0.21923469754870348 0.08914481173727759 0.31726836470886605 0.12572347026560943 21.3 0.7968082875086366
46.1 0.04543694324817976 0.21923469754870348 0.08914481173727759 0.31726836470886605 0.12572347026560943 21.3 0.7968082875086366
46.2 0.04543694324817976 0.21923469754870348 0.08914481173727759 0.31726836470886605 0.12572347026560943 21.3 0.7968082875086366
46.300000000000004 0.04543694324817976 0.21923469754870348 0.08914481173727759 0.31726836470886605 0.12572347026560943 21.3 0.7968082875086366
46.400000000000006 0.04543694324817976 0.21923469754870348 0.08914481173727759 0.31726836470886605 0.12572347026560943 21.3 0.7968082875086366
46.5 0.04543694324817976 0.21923469754870348 0.08914481173727759 0.31726836470886605 0.12572347026560943 21.3 0.7968082875086366
46.6 0.04543694324817976 0.21923469754870348 0.08914481173727759 0.31726836470886605 0.12572347026560943 21.3 0.7968082875086366
46.7 0.04543694324817976 0.21923469754870348 0.08914481173727759 0.31726836470886605 0.12572347026560943 21.3 0.7968082875086366
46.800000000000004 0.04543694324817976 0.21923469754870348 0.08914481173727759 0.31726836470886605 0.12572347026560943 21.3 0.7968082875086366
46.900000000000006 0.04543694324817976 0.21923469754870348 0.08914481173727759 0.31726836470886605 0.12572347026560943 21.3 0.7968082875086366
47.0 0.04543694324817976 0.21923469754870348 0.08914481173727759 0.31726836470886605 0.12572347026560943 21.3 0.7968082875086366
47.1 0.04543694324817976 0.21923469754870348 0.08914481173727759 0.31726836470886605 0.12572347026560943 21.3 0.7968082875086366
47.2 0.04543694324817976 0.21923469754870348 0.08914481173727759 0.31726836470886605 0.12572347026560943 21.3 0.7968082875086366
47.300000000000004 0.04543694324817976 0.21923469754870348 0.08914481173727759 0.31726836470886605 0.12572347026560943 21.3 0.7968082875086366
47.400000000000006 0.04543694324817976 0.21923469754870348 0.08914481173727759 0.31726836470886605 0.12572347026560943 21.3 0.7968082875086366
47.5 0.04543694324817976 0.22297921350607125 0.08914481173727759 0.31726836470886605 0.12572347026560943 21.5 0.8005528034660043
47.6 0.04543694324817976 0.22297921350607125 0.08914481173727759 0.31726836470886605 0.12572347026560943 21.5 0.8005528034660043
47.7 0.04543694324817976 0.22297921350607125 0.08914481173727759 0.31726836470886605 0.12572347026560943 21.5 0.8005528034660043
47.800000000000004 0.04543694324817976 0.22297921350607125 0.08914481173727759 0.31726836470886605 0.12572347026560943 21.5 0.8005528034660043
47.900000000000006 0.04543694324817976 0.22297921350607125 0.08914481173727759 0.31726836470886605 0.12572347026560943 21.5 0.8005528034660043
48.0 0.04543694324817976 0.22297921350607125 0.08914481173727759 0.31726836470886605 0.12572347026560943 21.5 0.8005528034660043
48.1 0.04543694324817976 0.22297921350607125 0.08914481173727759 0.31726836470886605 0.12572347026560943 21.5 0.8005528034660043
48.2 0.04543694324817976 0.22297921350607125 0.08914481173727759 0.31726836470886605 0.12572347026560943 21.5 0.8005528034660043
48.300000000000004 0.04543694324817976 0.22297921350607125 0.08914481173727759 0.31726836470886605 0.12572347026560943 21.5 0.8005528034660043
48.400000000000006 0.04543694324817976 0.22297921350607125 0.08914481173727759 0.31726836470886605 0.12572347026560943 21.5 0.8005528034660043
48.5 0.04543694324817976 0.22297921350607125 0.08914481173727759 0.31726836470886605 0.12572347026560943 21.5 0.8005528034660043
48.6 0.04543694324817976 0.22297921350607125 0.08914481173727759 0.31726836470886605 0.12572347026560943 21.5 0.8005528034660043
48.7 0.04543694324817976 0.22297921350607125 0.08914481173727759 0.31726836470886605 0.12572347026560943 21.5 0.8005528034660043
48.800000000000004 0.04543694324817976 0.22297921350607125 0.08914481173727759 0.31726836470886605 0.12572347026560943 21.5 0.8005528034660043
48.900000000000006 0.04543694324817976 0.22297921350607125 0.08914481173727759 0.31726836470886605 0.12572347026560943 21.5 0.8005528034660043
49.0 0.04543694324817976 0.22297921350607125 0.08914481173727759 0.31726836470886605 0.12572347026560943 21.5 0.8005528034660043
49.1 0.04543694324817976 0.22297921350607125 0.08914481173727759 0.31726836470886605 0.12572347026560943 21.5 0.8005528034660043
49.2 0.04543694324817976 0.22297921350607125 0.08914481173727759 0.31726836470886605 0.12572347026560943 21.5 0.8005528034660043
49.300000000000004 0.04543694324817976 0.22297921350607125 0.08914481173727759 0.31726836470886605 0.12572347026560943 21.5 0.8005528034660043
49.400000000000006 0.04543694324817976 0.22297921350607125 0.08914481173727759 0.31726836470886605 0.12572347026560943 21.5 0.8005528034660043
49.5 0.04543694324817976 0.22297921350607125 0.08914481173727759 0.31726836470886605 0.12572347026560943 21.5 0.8005528034660043
49.6 0.04543694324817976 0.22297921350607125 0.08914481173727759 0.31726836470886605 0.12572347026560943 21.5 0.8005528034660043
49.7 0.04543694324817976 0.22297921350607125 0.08914481173727759 0.31726836470886605 0.12572347026560943 21.5 0.8005528034660043
49.800000000000004 0.04543694324817976 0.22297921350607125 0.08914481173727759 0.31726836470886605 0.12572347026560943 21.5 0.8005528034660043
49.900000000000006 0.04543694324817976 0.22297921350607125 0.08914481173727759 0.31726836470886605 0.12572347026560943 21.5 0.8005528034660043
50.0 0.04543694324817976 0.22297921350607125 0.08914481173727759 0.31726836470886605 0.12572347026560943 21.5 0.8005528034660043
50.1 0.04543694324817976 0.22297921350607125 0.08914481173727759 0.31726836470886605 0.12572347026560943 21.5 0.8005528034660043
50.2 0.04543694324817976 0.22297921350607125 0.08914481173727759 0.31726836470886605 0.12572347026560943 21.5 0.8005528034660043
50.300000000000004 0.04543694324817976 0.22297921350607125 0.08914481173727759 0.31726836470886605 0.12572347026560943 21.5 0.8005528034660043
50.400000000000006 0.04543694324817976 0.22297921350607125 0.08914481173727759 0.31726836470886605 0.12572347026560943 21.5 0.8005528034660043
50.5 0.04543694324817976 0.22297921350607125 0.08914481173727759 0.31726836470886605 0.12572347026560943 21.5 0.8005528034660043
50.6 0.04543694324817976 0.22297921350607125 0.08914481173727759 0.31726836470886605 0.12572347026560943 21.5 0.8005528034660043
50.7 0.04543694324817976 0.22297921350607125 0.08914481173727759 0.31726836470886605 0.12572347026560943 21.5 0.8005528034660043
50.800000000000004 0.04543694324817976 0.22297921350607125 0.08914481173727759 0.31726836470886605 0.12572347026560943 21.5 0.8005528034660043
50.900000000000006 0.04543694324817976 0.22297921350607125 0.08914481173727759 0.31726836470886605 0.12572347026560943 21.5 0.8005528034660043
51.0 0.04543694324817976 0.22297921350607125 0.08914481173727759 0.31726836470886605 0.12572347026560943 21.5 0.8005528034660043
51.1 0.04543694324817976 0.22297921350607125 0.08914481173727759 0.31726836470886605 0.12572347026560943 21.5 0.8005528034660043
51.2 0.04543694324817976 0.22297921350607125 0.08914481173727759 0.31726836470886605 0.12572347026560943 21.5 0.8005528034660043
51.300000000000004 0.04543694324817976 0.22297921350607125 0.08914481173727759 0.31726836470886605 0.12572347026560943 21.5 0.8005528034660043
51.400000000000006 0.04543694324817976 0.22297921350607125 0.08914481173727759 0.31726836470886605 0.12572347026560943 21.5 0.8005528034660043
51.5 0.04543694324817976 0.22297921350607125 0.08914481173727759 0.31726836470886605 0.12572347026560943 21.5 0.8005528034660043
51.6 0.04543694324817976 0.22297921350607125 0.08914481173727759 0.31726836470886605 0.12572347026560943 21.5 0.8005528034660043
51.7 0.04543694324817976 0.22297921350607125 0.08914481173727759 0.31726836470886605 0.12572347026560943 21.5 0.8005528034660043
51.800000000000004 0.04543694324817976 0.22297921350607125 0.08914481173727759 0.31726836470886605 0.12572347026560943 21.5 0.8005528034660043
51.900000000000006 0.04543694324817976 0.22297921350607125 0.08914481173727759 0.31726836470886605 0.12572347026560943 21.5 0.8005528034660043
52.0 0.04543694324817976 0.22297921350607125 0.08914481173727759 0.31726836470886605 0.12572347026560943 21.5 0.8005528034660043
52.1 0.04543694324817976 0.22297921350607125 0.08914481173727759 0.31726836470886605 0.12572347026560943 21.5 0.8005528034660043
52.2 0.04543694324817976 0.22297921350607125 0.08914481173727759 0.31726836470886605 0.12572347026560943 21.5 0.8005528034660043
52.300000000000004 0.04543694324817976 0.22297921350607125 0.08914481173727759 0.31726836470886605 0.12572347026560943 21.5 0.8005528034660043
52.400000000000006 0.04543694324817976 0.22297921350607125 0.08914481173727759 0.31726836470886605 0.12572347026560943 21.5 0.8005528034660043
52.5 0.04543694324817976 0.22297921350607125 0.08914481173727759 0.31726836470886605 0.12572347026560943 21.5 0.8005528034660043
52.6 0.04543694324817976 0.22297921350607125 0.08914481173727759 0.31726836470886605 0.12572347026560943 21.5 0.8005528034660043
52.7 0.04543694324817976 0.22297921350607125 0.08914481173727759 0.31726836470886605 0.12572347026560943 21.5 0.8005528034660043
52.800000000000004 0.04543694324817976 0.22297921350607125 0.08914481173727759 0.31726836470886605 0.12572347026560943 21.5 0.8005528034660043
52.900000000000006 0.04543694324817976 0.22297921350607125 0.08914481173727759 0.31726836470886605 0.12572347026560943 21.5 0.8005528034660043
53.0 0.04543694324817976 0.22297921350607125 0.08914481173727759 0.31726836470886605 0.12572347026560943 21.5 0.8005528034660043
53.1 0.04543694324817976 0.22297921350607125 0.08914481173727759 0.31726836470886605 0.12572347026560943 21.5 0.8005528034660043
53.2 0.04543694324817976 0.22297921350607125 0.08914481173727759 0.31726836470886605 0.12572347026560943 21.5 0.8005528034660043
53.300000000000004 0.04543694324817976 0.22297921350607125 0.08914481173727759 0.31726836470886605 0.12572347026560943 21.5 0.8005528034660043
53.400000000000006 0.04543694324817976 0.22297921350607125 0.08914481173727759 0.31726836470886605 0.12572347026560943 21.5 0.8005528034660043
53.5 0.04543694324817976 0.22297921350607125 0.08914481173727759 0.31726836470886605 0.12572347026560943 21.5 0.8005528034660043
53.6 0.04543694324817976 0.22297921350607125 0.08914481173727759 0.31726836470886605 0.12572347026560943 21.5 0.8005528034660043
53.7 0.04543694324817976 0.22297921350607125 0.08914481173727759 0.31726836470886605 0.12572347026560943 21.5 0.8005528034660043
53.800000000000004 0.04230573041153347 0.22297921350607125 0.08914481173727759 0.31726836470886605 0.12572347026560943 21.4 0.7974215906293582
53.900000000000006 0.04230573041153347 0.22297921350607125 0.08914481173727759 0.31726836470886605 0.12572347026560943 21.4 0.7974215906293582
54.0 0.04230573041153347 0.22297921350607125 0.08914481173727759 0.31726836470886605 0.12572347026560943 21.4 0.7974215906293582
54.1 0.04230573041153347 0.22297921350607125 0.08914481173727759 0.31726836470886605 0.12572347026560943 21.4 0.7974215906293582
54.2 0.04230573041153347 0.22297921350607125 0.08914481173727759 0.31726836470886605 0.12572347026560943 21.4 0.7974215906293582
54.300000000000004 0.04230573041153347 0.22297921350607125 0.08914481173727759 0.31726836470886605 0.12572347026560943 21.4 0.7974215906293582
54.400000000000006 0.04230573041153347 0.22297921350607125 0.08914481173727759 0.31726836470886605 0.12572347026560943 21.4 0.7974215906293582
54.5 0.04230573041153347 0.22297921350607125 0.08914481173727759 0.31726836470886605 0.12572347026560943 21.4 0.7974215906293582
54.6 0.04230573041153347 0.22645051315178857 0.08914481173727759 0.31726836470886605 0.12572347026560943 21.5 0.8008928902750755
54.7 0.04230573041153347 0.22645051315178857 0.08914481173727759 0.31726836470886605 0.12572347026560943 21.5 0.8008928902750755
54.800000000000004 0.04230573041153347 0.22645051315178857 0.08914481173727759 0.31726836470886605 0.12572347026560943 21.5 0.8008928902750755
54.900000000000006 0.04230573041153347 0.22645051315178857 0.08914481173727759 0.31726836470886605 0.12572347026560943 21.5 0.8008928902750755
55.0 0.04230573041153347 0.22645051315178857 0.08914481173727759 0.31726836470886605 0.12572347026560943 21.5 0.8008928902750755
55.1 0.04230573041153347 0.22645051315178857 0.08914481173727759 0.31726836470886605 0.12572347026560943 21.5 0.8008928902750755
55.2 0.04230573041153347 0.22645051315178857 0.08914481173727759 0.31726836470886605 0.12572347026560943 21.5 0.8008928902750755
55.300000000000004 0.04230573041153347 0.22645051315178857 0.08914481173727759 0.31726836470886605 0.12572347026560943 21.5 0.8008928902750755
55.400000000000006 0.04230573041153347 0.22645051315178857 0.08914481173727759 0.31726836470886605 0.12572347026560943 21.5 0.8008928902750755
55.5 0.04230573041153347 0.22645051315178857 0.08914481173727759 0.31726836470886605 0.12572347026560943 21.5 0.8008928902750755
55.6 0.04230573041153347 0.22645051315178857 0.08914481173727759 0.31726836470886605 0.12572347026560943 21.5 0.8008928902750755
55.7 0.04230573041153347 0.22645051315178857 0.08914481173727759 0.31726836470886605 0.12572347026560943 21.5 0.8008928902750755
55.800000000000004 0.04230573041153347 0.22645051315178857 0.08914481173727759 0.31726836470886605 0.12572347026560943 21.5 0.8008928902750755
55.900000000000006 0.04230573041153347 0.22645051315178857 0.08914481173727759 0.31726836470886605 0.12572347026560943 21.5 0.8008928902750755
56.0 0.04230573041153347 0.22645051315178857 0.08914481173727759 0.31726836470886605 0.12572347026560943 21.5 0.8008928902750755
56.1 0.04230573041153347 0.22645051315178857 0.08914481173727759 0.31726836470886605 0.12572347026560943 21.5 0.8008928902750755
56.2 0.04230573041153347 0.22251579092330673 0.08914481173727759 0.31726836470886605 0.12572347026560943 21.4 0.7969581680465936
56.300000000000004 0.04230573041153347 0.22251579092330673 0.08914481173727759 0.31726836470886605 0.12572347026560943 21.4 0.7969581680465936
56.400000000000006 0.04230573041153347 0.22251579092330673 0.08914481173727759 0.31726836470886605 0.12572347026560943 21.4 0.7969581680465936
56.5 0.04230573041153347 0.22251579092330673 0.08914481173727759 0.31726836470886605 0.12572347026560943 21.4 0.7969581680465936
56.6 0.04230573041153347 0.22251579092330673 0.08914481173727759 0.31726836470886605 0.12572347026560943 21.4 0.7969581680465936
56.7 0.04230573041153347 0.22251579092330673 0.08914481173727759 0.31726836470886605 0.12572347026560943 21.4 0.7969581680465936
56.800000000000004 0.04230573041153347 0.22251579092330673 0.08914481173727759 0.31726836470886605 0.12572347026560943 21.4 0.7969581680465936
56.900000000000006 0.04230573041153347 0.22251579092330673 0.08914481173727759 0.31726836470886605 0.12572347026560943 21.4 0.7969581680465936
57.0 0.04230573041153347 0.22251579092330673 0.08914481173727759 0.31726836470886605 0.12572347026560943 21.4 0.7969581680465936
57.1 0.04230573041153347 0.22251579092330673 0.08914481173727759 0.31726836470886605 0.12572347026560943 21.4 0.7969581680465936
57.2 0.04230573041153347 0.22251579092330673 0.08914481173727759 0.319262388918489 0.12572347026560943 21.5 0.7989521922562165
57.300000000000004 0.04230573041153347 0.22251579092330673 0.08914481173727759 0.319262388918489 0.12572347026560943 21.5 0.7989521922562165
57.400000000000006 0.04230573041153347 0.22251579092330673 0.08914481173727759 0.319262388918489 0.12572347026560943 21.5 0.7989521922562165
57.5 0.04230573041153347 0.22251579092330673 0.08914481173727759 0.319262388918489 0.12572347026560943 21.5 0.7989521922562165
57.6 0.04230573041153347 0.22251579092330673 0.08914481173727759 0.319262388918489 0.12572347026560943 21.5 0.7989521922562165
57.7 0.04230573041153347 0.22251579092330673 0.08914481173727759 0.319262388918489 0.12572347026560943 21.5 0.7989521922562165
57.800000000000004 0.04230573041153347 0.22251579092330673 0.08914481173727759 0.319262388918489 0.12572347026560943 21.5 0.7989521922562165
57.900000000000006 0.04230573041153347 0.22251579092330673 0.08914481173727759 0.319262388918489 0.12572347026560943 21.5 0.7989521922562165
58.0 0.04230573041153347 0.22251579092330673 0.08914481173727759 0.319262388918489 0.12572347026560943 21.5 0.7989521922562165
58.1 0.04230573041153347 0.22251579092330673 0.08914481173727759 0.319262388918489 0.12572347026560943 21.5 0.7989521922562165
58.2 0.04230573041153347 0.22251579092330673 0.08914481173727759 0.319262388918489 0.12572347026560943 21.5 0.7989521922562165
58.300000000000004 0.04230573041153347 0.22251579092330673 0.08914481173727759 0.319262388918489 0.12572347026560943 21.5 0.7989521922562165
58.400000000000006 0.04230573041153347 0.22251579092330673 0.08914481173727759 0.319262388918489 0.12572347026560943 21.5 0.7989521922562165
58.5 0.04230573041153347 0.22251579092330673 0.08914481173727759 0.319262388918489 0.12572347026560943 21.5 0.7989521922562165
58.6 0.04230573041153347 0.22251579092330673 0.08914481173727759 0.319262388918489 0.12572347026560943 21.5 0.7989521922562165
58.7 0.04230573041153347 0.22251579092330673 0.08914481173727759 0.319262388918489 0.12572347026560943 21.5 0.7989521922562165
58.800000000000004 0.04230573041153347 0.22251579092330673 0.08914481173727759 0.319262388918489 0.12572347026560943 21.5 0.7989521922562165
58.900000000000006 0.04230573041153347 0.22251579092330673 0.08914481173727759 0.319262388918489 0.12572347026560943 21.5 0.7989521922562165
59.0 0.04230573041153347 0.22251579092330673 0.08914481173727759 0.319262388918489 0.12572347026560943 21.5 0.7989521922562165
59.1 0.04230573041153347 0.22251579092330673 0.08914481173727759 0.319262388918489 0.12572347026560943 21.5 0.7989521922562165
59.2 0.04230573041153347 0.22251579092330673 0.08914481173727759 0.319262388918489 0.12572347026560943 21.5 0.7989521922562165
59.300000000000004 0.04230573041153347 0.22251579092330673 0.08914481173727759 0.319262388918489 0.12572347026560943 21.5 0.7989521922562165
59.400000000000006 0.04230573041153347 0.22251579092330673 0.08914481173727759 0.319262388918489 0.12572347026560943 21.5 0.7989521922562165
59.5 0.04230573041153347 0.22251579092330673 0.08914481173727759 0.319262388918489 0.12572347026560943 21.5 0.7989521922562165
59.6 0.04230573041153347 0.22251579092330673 0.08914481173727759 0.319262388918489 0.12572347026560943 21.5 0.7989521922562165
59.7 0.04230573041153347 0.22251579092330673 0.08914481173727759 0.319262388918489 0.12572347026560943 21.5 0.7989521922562165
59.800000000000004 0.04230573041153347 0.22251579092330673 0.08914481173727759 0.319262388918489 0.12572347026560943 21.5 0.7989521922562165
59.900000000000006 0.04230573041153347 0.22251579092330673 0.08914481173727759 0.319262388918489 0.12572347026560943 21.5 0.7989521922562165
60.0 0.04230573041153347 0.22251579092330673 0.08914481173727759 0.319262388918489 0.12572347026560943 21.5 0.7989521922562165
