t/s,1AO6-P1,2A73-P2,3GHG-P3,3K2S-P4,1HZH-P5,total,total_coverage
0.0 0.0 0.0 0.0 0.0 0.0 0.0 0.0
0.1 0.6 2.1 1.3 3.4 2.5 9.9 0.48913962213811696
0.2 0.7 2.7 0.8 5.4 2.4 12.0 0.5363761133748223
0.30000000000000004 1.1 3.2 0.8 6.1 2.2 13.4 0.5992016961593858
0.4 1.5 3.5 0.9 6.2 2.1 14.2 0.6285176944226613
0.5 1.3 3.7 0.9 6.1 2.4 14.4 0.639811828857413
0.6000000000000001 1.4 3.7 0.9 6.1 2.4 14.5 0.644578080228973
0.7000000000000001 1.2 3.7 0.8 6.4 2.7 14.8 0.6480073739208816
0.8 1.2 3.9 0.8 6.6 2.7 15.2 0.6574480883493317
0.9 1.3 4.0 0.9 6.6 2.7 15.5 0.6789600661896817
1.0 1.2 3.9 0.9 6.8 3.0 15.8 0.692052756008205
1.1 1.2 4.0 0.9 6.8 3.2 16.1 0.7024484876456808
1.2000000000000002 1.2 4.3 0.9 7.0 3.2 16.6 0.7201981566967213
1.3 1.3 4.3 0.9 7.0 3.4 16.9 0.7260751475551952
1.4000000000000001 1.3 4.2 0.9 7.3 3.3 17.0 0.7319550935654646
1.5 1.3 4.1 1.0 7.3 3.2 16.9 0.7295654007343672
1.6 1.4 4.0 1.0 7.3 3.3 17.0 0.7324457684482678
1.7000000000000002 1.4 4.2 1.0 7.2 3.3 17.1 0.7354264399515043
1.8 1.4 4.3 1.0 7.2 3.3 17.2 0.7375685209125706
1.9000000000000001 1.4 4.4 1.0 7.2 3.3 17.3 0.7396877281873937
2.0 1.4 4.4 1.1 7.1 3.3 17.3 0.7371398648912414
2.1 1.3 4.5 1.1 7.1 3.3 17.3 0.7346672623277224
2.2 1.2 4.7 1.1 7.1 3.3 17.4 0.7380992094466968
2.3000000000000003 1.2 4.7 1.1 7.1 3.3 17.4 0.7401842272739813
2.4000000000000004 1.2 4.9 1.1 7.0 3.3 17.5 0.7399482015321135
2.5 1.2 5.2 1.1 7.0 3.3 17.8 0.7462988970793039
2.6 1.3 5.1 1.1 6.9 3.3 17.7 0.7433735931972754
2.7 1.4 5.1 1.1 6.9 3.3 17.8 0.7423473274497114
2.8000000000000003 1.4 5.3 1.1 7.1 3.3 18.2 0.751793794616302
2.9000000000000004 1.5 5.2 1.1 7.2 3.2 18.2 0.7528558193660275
3.0 1.5 5.2 1.1 7.2 3.2 18.2 0.7505281198836377
3.1 1.5 5.0 1.2 7.3 3.3 18.3 0.7547877811785519
3.2 1.5 5.1 1.1 7.5 3.3 18.5 0.7565118541673767
3.3000000000000003 1.5 5.2 1.1 7.5 3.3 18.6 0.7589226671215473
3.4000000000000004 1.5 5.4 1.1 7.5 3.2 18.7 0.7590309277684715
3.5 1.6 5.4 1.1 7.5 3.3 18.9 0.7651246351035316
3.6 1.6 5.4 1.1 7.6 3.3 19.0 0.7656092393383919
3.7 1.7 5.4 1.1 7.6 3.2 19.0 0.7670468720298822
3.8000000000000003 1.6 5.7 1.1 7.5 2.9 18.8 0.7601284551196561
3.9000000000000004 1.6 5.9 1.0 7.5 2.9 18.9 0.7515772257865241
4.0 1.5 6.1 1.0 7.6 2.8 19.0 0.7529798934218115
4.1000000000000005 1.5 6.2 1.0 7.6 2.8 19.1 0.7569146156502933
4.2 1.4 6.3 1.0 7.6 2.8 19.1 0.7574857996971789
4.3 1.4 6.3 1.0 7.6 2.8 19.1 0.7574857996971789
4.4 1.4 6.3 1.0 7.6 2.9 19.2 0.761141886240263
4.5 1.5 6.4 1.0 7.6 2.9 19.4 0.7658216259014154
4.6000000000000005 1.5 6.5 1.0 7.6 2.9 19.5 0.7677271612218557
4.7 1.5 6.5 1.0 7.6 2.9 19.5 0.7693593762895271
4.800000000000001 1.5 6.5 1.0 7.7 2.9 19.6 0.7692518691408612
4.9 1.5 6.6 1.0 7.6 3.0 19.7 0.7711864121665444
5.0 1.5 6.5 0.9 7.7 3.1 19.7 0.7700053586297999
5.1000000000000005 1.4 6.6 0.9 7.7 3.1 19.7 0.7693045054096201
5.2 1.4 6.5 0.9 7.8 3.1 19.7 0.7699327805849487
5.300000000000001 1.5 6.5 0.9 7.8 3.2 19.9 0.7774077663194967
5.4 1.4 6.6 0.9 7.8 3.2 19.9 0.776040669515832
5.5 1.4 6.6 0.9 7.8 3.2 19.9 0.776040669515832
5.6000000000000005 1.4 6.6 0.9 7.8 3.2 19.9 0.776040669515832
5.7 1.4 6.6 0.9 7.8 3.2 19.9 0.776040669515832
5.800000000000001 1.4 6.5 0.9 7.7 3.2 19.7 0.7689175506983487
5.9 1.4 6.6 0.9 7.7 3.3 19.9 0.7727324617543265
6.0 1.4 6.6 0.9 7.7 3.4 20.0 0.7754078661687556
6.1000000000000005 1.4 6.6 0.9 7.6 3.4 19.9 0.7712050626761568
6.2 1.4 6.6 0.9 7.6 3.4 19.9 0.7712050626761568
6.300000000000001 1.4 6.6 0.9 7.6 3.4 19.9 0.7712050626761568
6.4 1.4 6.6 0.9 7.6 3.4 19.9 0.7712050626761568
6.5 1.4 6.6 0.9 7.6 3.4 19.9 0.7712050626761568
6.6000000000000005 1.4 6.6 0.9 7.5 3.4 19.8 0.7683647219366991
6.7 1.4 6.8 0.9 7.5 3.3 19.9 0.77095938285191
6.800000000000001 1.4 6.8 0.9 7.5 3.3 19.9 0.77095938285191
6.9 1.4 6.9 0.9 7.5 3.3 20.0 0.7733982368439365
7.0 1.4 6.9 0.9 7.5 3.3 20.0 0.7733982368439365
7.1000000000000005 1.4 7.0 0.9 7.5 3.3 20.1 0.7758017082076085
7.2 1.4 7.0 0.9 7.5 3.3 20.1 0.7758017082076085
7.300000000000001 1.4 6.9 0.9 7.5 3.3 20.0 0.7733982368439365
7.4 1.4 6.9 0.9 7.5 3.3 20.0 0.7733982368439365
7.5 1.4 6.8 0.9 7.5 3.3 19.9 0.7712296056092715
7.6000000000000005 1.4 6.8 0.9 7.5 3.3 19.9 0.7712296056092715
7.7 1.4 6.8 0.9 7.5 3.3 19.9 0.7712296056092715
7.800000000000001 1.4 6.8 0.9 7.5 3.3 19.9 0.7712296056092715
7.9 1.4 6.8 0.9 7.5 3.3 19.9 0.7712296056092715
8.0 1.4 6.8 0.9 7.5 3.3 19.9 0.7712296056092715
8.1 1.4 6.8 0.9 7.5 3.3 19.9 0.7712296056092715
8.200000000000001 1.4 6.8 0.9 7.5 3.3 19.9 0.7712296056092715
8.3 1.4 6.8 0.9 7.5 3.3 19.9 0.7712296056092715
8.4 1.4 6.8 0.9 7.5 3.3 19.9 0.7712296056092715
8.5 1.4 6.9 0.9 7.5 3.3 20.0 0.7734850802608666
8.6 1.4 6.9 0.9 7.5 3.3 20.0 0.7734850802608666
8.700000000000001 1.5 6.9 0.9 7.5 3.3 20.1 0.776079092557777
8.8 1.4 6.9 0.9 7.5 3.3 20.0 0.7734850802608666
8.9 1.4 6.9 0.9 7.5 3.3 20.0 0.7734850802608666
9.0 1.4 7.0 0.9 7.6 3.3 20.2 0.7772724189344522
9.1 1.4 7.0 0.9 7.6 3.3 20.2 0.7772724189344522
9.200000000000001 1.4 6.9 0.9 7.6 3.3 20.1 0.7751544311245715
9.3 1.4 6.9 0.9 7.6 3.3 20.1 0.7751544311245715
9.4 1.4 6.8 0.9 7.6 3.4 20.1 0.7754854508013961
9.5 1.4 6.8 0.9 7.6 3.4 20.1 0.7754854508013961
9.600000000000001 1.4 6.7 0.9 7.6 3.4 20.0 0.7730746378472253
9.700000000000001 1.4 6.7 0.9 7.6 3.4 20.0 0.7730746378472253
9.8 1.4 6.7 0.9 7.6 3.4 20.0 0.7730746378472253
9.9 1.4 6.7 0.9 7.7 3.4 20.1 0.775660460377676
10.0 1.4 6.8 0.9 7.7 3.4 20.2 0.7780309902749406
10.100000000000001 1.4 6.8 0.9 7.7 3.4 20.2 0.7780309902749406
10.200000000000001 1.4 6.9 0.9 7.7 3.4 20.3 0.7799204852986964
10.3 1.4 6.9 0.9 7.7 3.4 20.3 0.7799204852986964
10.4 1.4 6.9 0.9 7.7 3.4 20.3 0.7799204852986964
10.5 1.4 6.9 0.9 7.8 3.4 20.4 0.7818422244147258
10.600000000000001 1.4 7.0 0.9 7.8 3.4 20.5 0.7843163149248382
10.700000000000001 1.4 7.0 0.9 7.8 3.4 20.5 0.7843163149248382
10.8 1.4 7.0 0.9 7.8 3.4 20.5 0.7843163149248382
10.9 1.4 7.0 0.9 7.8 3.4 20.5 0.7843163149248382
11.0 1.4 7.0 0.9 7.8 3.4 20.5 0.7843163149248382
11.100000000000001 1.4 7.0 0.9 7.8 3.4 20.5 0.7843163149248382
11.200000000000001 1.4 7.0 0.9 7.8 3.4 20.5 0.7843163149248382
11.3 1.4 7.0 0.9 7.8 3.4 20.5 0.7843163149248382
11.4 1.4 7.0 0.9 7.8 3.4 20.5 0.7843163149248382
11.5 1.4 7.0 0.9 7.8 3.4 20.5 0.7843163149248382
11.600000000000001 1.4 7.0 0.9 7.8 3.4 20.5 0.7843163149248382
11.700000000000001 1.4 7.0 0.9 7.8 3.4 20.5 0.7843163149248382
11.8 1.4 7.0 0.9 7.8 3.4 20.5 0.7843163149248382
11.9 1.4 7.0 0.9 7.8 3.5 20.6 0.7860497692252911
12.0 1.4 6.9 0.9 7.8 3.5 20.5 0.7841602742015353
12.100000000000001 1.4 6.9 0.9 7.8 3.5 20.5 0.7841602742015353
12.200000000000001 1.4 6.9 0.9 7.8 3.5 20.5 0.7841602742015353
12.3 1.4 6.9 0.9 7.8 3.5 20.5 0.7841602742015353
12.4 1.4 6.9 0.9 7.8 3.5 20.5 0.7841602742015353
12.5 1.4 6.9 0.9 7.8 3.5 20.5 0.7841602742015353
12.600000000000001 1.4 6.9 0.9 7.8 3.5 20.5 0.7841602742015353
12.700000000000001 1.4 6.9 0.9 7.8 3.5 20.5 0.7841602742015353
12.8 1.4 6.9 0.9 7.8 3.5 20.5 0.7841602742015353
12.9 1.4 6.9 0.9 7.8 3.5 20.5 0.7841602742015353
13.0 1.4 6.9 0.9 7.8 3.5 20.5 0.7841602742015353
13.100000000000001 1.4 6.9 0.9 7.8 3.5 20.5 0.7841602742015353
13.200000000000001 1.4 6.9 0.9 7.8 3.5 20.5 0.7841602742015353
13.3 1.4 6.9 0.9 7.8 3.5 20.5 0.7841602742015353
13.4 1.4 6.9 0.9 7.8 3.5 20.5 0.7841602742015353
13.5 1.4 6.9 0.9 7.8 3.5 20.5 0.7841602742015353
13.600000000000001 1.4 6.9 0.9 7.8 3.6 20.6 0.7862993162900888
13.700000000000001 1.4 6.9 0.9 7.8 3.6 20.6 0.7862993162900888
13.8 1.4 6.9 0.9 7.8 3.6 20.6 0.7862993162900888
13.9 1.4 6.9 0.9 7.8 3.6 20.6 0.7862993162900888
14.0 1.4 6.9 0.9 7.8 3.6 20.6 0.7862993162900888
14.100000000000001 1.4 7.0 0.9 7.8 3.6 20.7 0.7886111197134504
14.200000000000001 1.4 7.0 0.9 7.8 3.6 20.7 0.7886111197134504
14.3 1.4 7.0 0.9 7.8 3.6 20.7 0.7886111197134504
14.4 1.4 7.0 0.9 7.8 3.6 20.7 0.7886111197134504
14.5 1.4 7.0 0.9 7.8 3.6 20.7 0.7886111197134504
14.600000000000001 1.4 7.0 0.9 7.8 3.6 20.7 0.7886111197134504
14.700000000000001 1.4 7.0 0.9 7.8 3.6 20.7 0.7886111197134504
14.8 1.4 7.0 0.9 7.8 3.6 20.7 0.7886111197134504
14.9 1.4 7.0 0.9 7.8 3.6 20.7 0.7886111197134504
15.0 1.4 7.0 0.9 7.8 3.6 20.7 0.7886111197134504
15.100000000000001 1.4 7.0 0.9 7.8 3.6 20.7 0.7886111197134504
15.200000000000001 1.4 7.0 0.9 7.8 3.6 20.7 0.7886111197134504
15.3 1.4 7.0 0.9 7.8 3.6 20.7 0.7886111197134504
15.4 1.4 7.0 0.9 7.8 3.6 20.7 0.7886111197134504
15.5 1.4 7.0 0.9 7.8 3.6 20.7 0.7886111197134504
15.600000000000001 1.4 7.0 0.9 7.8 3.6 20.7 0.7886111197134504
15.700000000000001 1.4 7.0 0.9 7.8 3.6 20.7 0.7886111197134504
15.8 1.4 7.0 0.9 7.8 3.6 20.7 0.7886111197134504
15.9 1.4 7.0 0.9 7.8 3.6 20.7 0.7886111197134504
16.0 1.4 7.0 0.9 7.8 3.6 20.7 0.7886111197134504
16.1 1.4 7.0 0.9 7.8 3.6 20.7 0.7886111197134504
16.2 1.4 7.0 0.9 7.8 3.6 20.7 0.7886111197134504
16.3 1.4 7.0 0.9 7.9 3.6 20.8 0.7909771962394796
16.400000000000002 1.4 7.0 0.9 7.9 3.6 20.8 0.7909771962394796
16.5 1.4 7.0 0.9 7.9 3.6 20.8 0.7909771962394796
16.6 1.4 7.0 0.9 7.9 3.6 20.8 0.7909771962394796
16.7 1.4 7.0 0.9 7.9 3.6 20.8 0.7909771962394796
16.8 1.4 7.0 0.9 7.9 3.6 20.8 0.7909771962394796
16.900000000000002 1.4 7.0 0.9 7.9 3.6 20.8 0.7909771962394796
17.0 1.4 7.0 0.9 7.9 3.6 20.8 0.7909771962394796
17.1 1.4 7.0 0.9 7.9 3.6 20.8 0.7909771962394796
17.2 1.4 7.0 0.9 7.9 3.6 20.8 0.7909771962394796
17.3 1.4 7.0 0.9 7.9 3.5 20.7 0.7892437419390267
17.400000000000002 1.4 7.0 0.9 7.9 3.5 20.7 0.7892437419390267
17.5 1.4 7.0 0.9 7.9 3.5 20.7 0.7892437419390267
17.6 1.4 7.0 0.9 7.9 3.5 20.7 0.7892437419390267
17.7 1.4 7.0 0.9 7.9 3.5 20.7 0.7892437419390267
17.8 1.4 7.0 0.9 7.9 3.5 20.7 0.7892437419390267
17.900000000000002 1.4 7.0 0.9 8.0 3.5 20.8 0.7909514357108351
18.0 1.4 7.0 0.9 8.0 3.5 20.8 0.7909514357108351
18.1 1.4 7.0 0.9 8.0 3.5 20.8 0.7909514357108351
18.2 1.4 7.0 0.9 8.0 3.4 20.7 0.7870013362644335
18.3 1.4 7.0 0.9 8.0 3.4 20.7 0.7870013362644335
18.400000000000002 1.4 7.0 0.9 8.0 3.4 20.7 0.7870013362644335
18.5 1.4 7.0 0.9 8.0 3.5 20.8 0.7889426909159974
18.6 1.4 7.0 0.9 8.0 3.5 20.8 0.7889426909159974
18.7 1.4 7.0 0.9 8.0 3.5 20.8 0.7889426909159974
18.8 1.4 7.0 0.9 8.0 3.5 20.8 0.7889426909159974
18.900000000000002 1.4 7.0 0.9 8.1 3.5 20.9 0.7907510366961689
19.0 1.4 7.0 0.9 8.1 3.5 20.9 0.7907510366961689
19.1 1.4 7.0 0.9 8.1 3.5 20.9 0.7907510366961689
19.200000000000003 1.4 7.0 0.9 8.1 3.5 20.9 0.7907510366961689
19.3 1.4 7.0 0.9 8.1 3.5 20.9 0.7907510366961689
19.400000000000002 1.4 7.0 0.9 8.1 3.5 20.9 0.7907510366961689
19.5 1.4 7.0 0.9 8.1 3.5 20.9 0.7907510366961689
19.6 1.4 7.0 0.9 8.1 3.5 20.9 0.7907510366961689
19.700000000000003 1.4 7.0 0.9 8.1 3.5 20.9 0.7907510366961689
19.8 1.4 7.0 0.9 8.1 3.5 20.9 0.7907510366961689
19.900000000000002 1.4 7.0 0.9 8.1 3.5 20.9 0.7907510366961689
20.0 1.4 7.0 0.9 8.1 3.5 20.9 0.7907510366961689
20.1 1.4 7.0 0.9 8.1 3.5 20.9 0.7907510366961689
20.200000000000003 1.4 7.0 0.9 8.1 3.5 20.9 0.7907510366961689
20.3 1.4 7.0 0.9 8.1 3.5 20.9 0.7907510366961689
20.400000000000002 1.4 7.0 0.9 8.1 3.5 20.9 0.7907510366961689
20.5 1.4 7.0 0.9 8.2 3.5 21.0 0.7929050152999284
20.6 1.4 7.0 0.9 8.2 3.5 21.0 0.7929050152999284
20.700000000000003 1.4 7.0 0.9 8.2 3.5 21.0 0.7929050152999284
20.8 1.4 7.0 0.9 8.2 3.5 21.0 0.7929050152999284
20.900000000000002 1.4 7.0 0.9 8.2 3.5 21.0 0.7929050152999284
21.0 1.4 7.1 0.9 8.2 3.5 21.1 0.7948353140906625
21.1 1.4 7.1 0.9 8.2 3.5 21.1 0.7948353140906625
21.200000000000003 1.4 7.1 0.9 8.2 3.5 21.1 0.7948353140906625
21.3 1.4 7.1 0.9 8.2 3.5 21.1 0.7948353140906625
21.400000000000002 1.4 7.0 0.9 8.2 3.5 21.0 0.7929050152999284
21.5 1.4 7.0 0.9 8.2 3.5 21.0 0.7929050152999284
21.6 1.4 7.0 0.9 8.2 3.5 21.0 0.7929050152999284
21.700000000000003 1.4 7.0 0.9 8.2 3.5 21.0 0.7929050152999284
21.8 1.4 7.0 0.9 8.2 3.5 21.0 0.7929050152999284
21.900000000000002 1.4 7.0 0.9 8.2 3.5 21.0 0.7929050152999284
22.0 1.4 7.0 0.9 8.2 3.5 21.0 0.7929050152999284
22.1 1.4 7.0 0.9 8.2 3.5 21.0 0.7929050152999284
22.200000000000003 1.4 7.0 0.9 8.2 3.5 21.0 0.7929050152999284
22.3 1.4 6.9 0.9 8.2 3.5 20.9 0.790603716592161
22.400000000000002 1.4 6.9 0.9 8.2 3.5 20.9 0.790603716592161
22.5 1.4 6.9 0.9 8.2 3.5 20.9 0.790603716592161
22.6 1.4 6.9 0.9 8.2 3.5 20.9 0.790603716592161
22.700000000000003 1.4 6.9 0.9 8.2 3.5 20.9 0.790603716592161
22.8 1.4 7.0 0.9 8.2 3.5 21.0 0.7936753483561014
22.900000000000002 1.4 7.0 0.9 8.2 3.5 21.0 0.7936753483561014
23.0 1.4 7.0 0.9 8.2 3.5 21.0 0.7936753483561014
23.1 1.4 7.0 0.9 8.2 3.5 21.0 0.7936753483561014
23.200000000000003 1.4 7.0 0.9 8.2 3.5 21.0 0.7936753483561014
23.3 1.4 7.0 0.9 8.2 3.5 21.0 0.7936753483561014
23.400000000000002 1.4 7.1 0.9 8.2 3.5 21.1 0.79550361835287
23.5 1.4 7.1 0.9 8.2 3.5 21.1 0.79550361835287
23.6 1.4 7.1 0.9 8.2 3.5 21.1 0.79550361835287
23.700000000000003 1.4 7.1 0.9 8.2 3.5 21.1 0.79550361835287
23.8 1.4 7.1 0.9 8.2 3.5 21.1 0.79550361835287
23.900000000000002 1.4 7.1 0.9 8.2 3.5 21.1 0.79550361835287
24.0 1.4 7.1 0.9 8.2 3.5 21.1 0.79550361835287
24.1 1.4 7.1 0.9 8.2 3.5 21.1 0.79550361835287
24.200000000000003 1.4 7.1 0.9 8.2 3.5 21.1 0.79550361835287
24.3 1.4 7.1 0.9 8.2 3.5 21.1 0.79550361835287
24.400000000000002 1.4 7.1 0.9 8.2 3.6 21.2 0.7971509268625552
24.5 1.4 7.1 0.9 8.2 3.6 21.2 0.7971509268625552
24.6 1.4 7.1 0.9 8.2 3.6 21.2 0.7971509268625552
24.700000000000003 1.4 7.1 0.9 8.2 3.6 21.2 0.7971509268625552
24.8 1.4 7.1 0.9 8.2 3.6 21.2 0.7971509268625552
24.900000000000002 1.4 7.1 0.9 8.2 3.6 21.2 0.7971509268625552
25.0 1.4 7.1 0.9 8.2 3.6 21.2 0.7971509268625552
25.1 1.4 7.1 0.9 8.2 3.6 21.2 0.7971509268625552
25.200000000000003 1.4 7.1 0.9 8.2 3.6 21.2 0.7971509268625552
25.3 1.4 7.1 0.9 8.2 3.6 21.2 0.7971509268625552
25.400000000000002 1.3 7.1 0.9 8.2 3.6 21.1 0.7942989817439349
25.5 1.3 7.1 0.9 8.2 3.6 21.1 0.7942989817439349
25.6 1.3 7.1 0.9 8.2 3.6 21.1 0.7942989817439349
25.700000000000003 1.3 7.1 0.9 8.2 3.6 21.1 0.7942989817439349
25.8 1.3 7.1 0.9 8.2 3.6 21.1 0.7942989817439349
25.900000000000002 1.3 7.1 0.9 8.2 3.6 21.1 0.7942989817439349
26.0 1.3 7.1 0.9 8.2 3.5 21.0 0.7895978103054633
26.1 1.3 7.1 0.9 8.2 3.5 21.0 0.7895978103054633
26.200000000000003 1.3 7.1 0.9 8.2 3.5 21.0 0.7895978103054633
26.3 1.3 7.1 0.9 8.3 3.5 21.1 0.7920332114214462
26.400000000000002 1.3 7.1 0.9 8.3 3.5 21.1 0.7920332114214462
26.5 1.3 7.1 0.9 8.3 3.5 21.1 0.7920332114214462
26.6 1.3 7.1 0.9 8.3 3.5 21.1 0.7920332114214462
26.700000000000003 1.3 7.1 0.9 8.3 3.4 21.0 0.790385902911761
26.8 1.3 7.0 0.9 8.3 3.4 20.9 0.7882264189307623
26.900000000000002 1.3 7.0 0.9 8.3 3.4 20.9 0.7882264189307623
27.0 1.3 7.0 0.9 8.3 3.4 20.9 0.7882264189307623
27.1 1.3 7.0 0.9 8.3 3.4 20.9 0.7882264189307623
27.200000000000003 1.3 7.1 0.9 8.3 3.4 21.0 0.7901746981984237
27.3 1.3 7.1 0.9 8.3 3.4 21.0 0.7901746981984237
27.400000000000002 1.3 7.1 0.9 8.3 3.4 21.0 0.7901746981984237
27.5 1.3 7.1 0.9 8.3 3.4 21.0 0.7901746981984237
27.6 1.3 7.1 0.9 8.3 3.4 21.0 0.7901746981984237
27.700000000000003 1.3 7.1 0.9 8.3 3.4 21.0 0.7901746981984237
27.8 1.3 7.1 0.9 8.3 3.4 21.0 0.7901746981984237
27.900000000000002 1.3 7.1 0.9 8.3 3.4 21.0 0.7901746981984237
28.0 1.3 7.1 0.9 8.3 3.4 21.0 0.7901746981984237
28.1 1.3 7.1 0.9 8.3 3.4 21.0 0.7901746981984237
28.200000000000003 1.3 7.1 0.9 8.3 3.4 21.0 0.7901746981984237
28.3 1.3 7.1 0.9 8.3 3.4 21.0 0.7901746981984237
28.400000000000002 1.3 7.1 0.9 8.3 3.4 21.0 0.7901746981984237
28.5 1.3 7.1 0.9 8.3 3.4 21.0 0.7901746981984237
28.6 1.3 7.1 0.9 8.3 3.4 21.0 0.7901746981984237
28.700000000000003 1.3 7.1 0.9 8.3 3.4 21.0 0.7901746981984237
28.8 1.3 7.1 0.9 8.3 3.4 21.0 0.7901746981984237
28.900000000000002 1.3 7.1 0.9 8.3 3.4 21.0 0.7901746981984237
29.0 1.3 7.1 0.9 8.3 3.4 21.0 0.7901746981984237
29.1 1.3 7.1 0.9 8.3 3.4 21.0 0.7901746981984237
29.200000000000003 1.3 7.1 0.9 8.3 3.4 21.0 0.7901746981984237
29.3 1.3 7.1 0.9 8.3 3.4 21.0 0.7901746981984237
29.400000000000002 1.3 7.1 0.9 8.3 3.4 21.0 0.7901746981984237
29.5 1.3 7.1 0.9 8.3 3.4 21.0 0.7901746981984237
29.6 1.3 7.1 0.9 8.3 3.4 21.0 0.7901746981984237
29.700000000000003 1.3 7.1 0.9 8.3 3.4 21.0 0.7901746981984237
29.8 1.3 7.1 0.9 8.3 3.4 21.0 0.7901746981984237
29.900000000000002 1.3 7.1 0.9 8.3 3.4 21.0 0.7901746981984237
30.0 1.3 7.1 0.9 8.3 3.4 21.0 0.7901746981984237
30.1 1.3 7.1 0.9 8.3 3.4 21.0 0.7901746981984237
30.200000000000003 1.3 7.1 0.9 8.3 3.4 21.0 0.7901746981984237
30.3 1.3 7.1 0.9 8.3 3.4 21.0 0.7901746981984237
30.400000000000002 1.3 7.1 0.9 8.3 3.4 21.0 0.7901746981984237
30.5 1.3 7.1 0.9 8.3 3.4 21.0 0.7901746981984237
30.6 1.3 7.1 0.9 8.3 3.4 21.0 0.7901746981984237
30.700000000000003 1.3 7.1 0.9 8.3 3.4 21.0 0.7901746981984237
30.8 1.3 7.1 0.9 8.3 3.4 21.0 0.7901746981984237
30.900000000000002 1.3 7.1 0.9 8.3 3.4 21.0 0.7901746981984237
31.0 1.3 7.1 0.9 8.3 3.4 21.0 0.7901746981984237
31.1 1.3 7.1 0.9 8.3 3.4 21.0 0.7901746981984237
31.200000000000003 1.3 7.1 0.9 8.3 3.4 21.0 0.7901746981984237
31.3 1.3 7.1 0.9 8.3 3.4 21.0 0.7901746981984237
31.400000000000002 1.3 7.1 0.9 8.3 3.4 21.0 0.7901746981984237
31.5 1.3 7.1 0.9 8.3 3.4 21.0 0.7901746981984237
31.6 1.3 7.1 0.9 8.3 3.4 21.0 0.7901746981984237
31.700000000000003 1.3 7.1 0.9 8.3 3.4 21.0 0.7901746981984237
31.8 1.3 7.1 0.9 8.3 3.4 21.0 0.7901746981984237
31.900000000000002 1.3 7.1 0.9 8.3 3.4 21.0 0.7901746981984237
32.0 1.3 7.1 0.9 8.3 3.4 21.0 0.7901746981984237
32.1 1.3 7.1 0.9 8.3 3.4 21.0 0.7901746981984237
32.2 1.3 7.1 0.9 8.3 3.4 21.0 0.7901746981984237
32.300000000000004 1.3 7.1 0.9 8.3 3.4 21.0 0.7901746981984237
32.4 1.3 7.1 0.9 8.3 3.4 21.0 0.7901746981984237
32.5 1.3 7.1 0.9 8.3 3.4 21.0 0.7901746981984237
32.6 1.3 7.1 0.9 8.4 3.4 21.1 0.7922132794125256
32.7 1.3 7.1 0.9 8.4 3.4 21.1 0.7922132794125256
32.800000000000004 1.3 7.1 0.9 8.4 3.4 21.1 0.7922132794125256
32.9 1.3 7.1 0.9 8.4 3.4 21.1 0.7922132794125256
33.0 1.3 7.1 0.9 8.4 3.4 21.1 0.7922132794125256
33.1 1.3 7.1 0.9 8.4 3.4 21.1 0.7922132794125256
33.2 1.3 7.1 0.9 8.4 3.4 21.1 0.7922132794125256
33.300000000000004 1.3 7.1 0.9 8.4 3.4 21.1 0.7922132794125256
33.4 1.3 7.1 0.9 8.4 3.4 21.1 0.7922132794125256
33.5 1.3 7.1 0.9 8.4 3.4 21.1 0.7922132794125256
33.6 1.3 7.1 0.9 8.4 3.4 21.1 0.7922132794125256
33.7 1.3 7.1 0.9 8.4 3.4 21.1 0.7922132794125256
33.800000000000004 1.3 7.1 0.9 8.4 3.4 21.1 0.7922132794125256
33.9 1.3 7.0 0.9 8.4 3.4 21.0 0.7886677013621062
34.0 1.3 7.0 0.9 8.4 3.5 21.1 0.7928686479251169
34.1 1.3 7.0 0.9 8.4 3.5 21.1 0.7928686479251169
34.2 1.3 7.0 0.9 8.4 3.5 21.1 0.7928686479251169
34.300000000000004 1.3 7.0 0.9 8.4 3.5 21.1 0.7928686479251169
34.4 1.3 7.0 0.9 8.4 3.5 21.1 0.7928686479251169
34.5 1.3 7.0 0.9 8.4 3.5 21.1 0.7928686479251169
34.6 1.3 7.0 0.9 8.4 3.5 21.1 0.7928686479251169
34.7 1.3 7.0 0.9 8.4 3.5 21.1 0.7928686479251169
34.800000000000004 1.3 7.0 0.9 8.4 3.5 21.1 0.7928686479251169
34.9 1.3 7.0 0.9 8.4 3.5 21.1 0.7928686479251169
35.0 1.3 7.0 0.9 8.4 3.5 21.1 0.7928686479251169
35.1 1.3 7.0 0.9 8.4 3.5 21.1 0.7928686479251169
35.2 1.3 7.0 0.9 8.4 3.5 21.1 0.7928686479251169
35.300000000000004 1.3 7.0 0.9 8.4 3.5 21.1 0.7928686479251169
35.4 1.3 7.0 0.9 8.4 3.5 21.1 0.7928686479251169
35.5 1.3 7.0 0.9 8.4 3.5 21.1 0.7928686479251169
35.6 1.3 7.0 0.9 8.4 3.5 21.1 0.7928686479251169
35.7 1.3 7.0 0.9 8.4 3.5 21.1 0.7928686479251169
35.800000000000004 1.3 7.0 0.9 8.4 3.5 21.1 0.7928686479251169
35.9 1.3 7.0 0.9 8.4 3.5 21.1 0.7928686479251169
36.0 1.3 7.0 0.9 8.4 3.5 21.1 0.7928686479251169
36.1 1.3 7.0 0.9 8.4 3.5 21.1 0.7928686479251169
36.2 1.3 7.0 0.9 8.4 3.5 21.1 0.7928686479251169
36.300000000000004 1.3 6.9 0.9 8.4 3.5 21.0 0.790806609495375
36.4 1.3 6.9 0.9 8.4 3.5 21.0 0.790806609495375
36.5 1.3 6.9 0.9 8.4 3.5 21.0 0.790806609495375
36.6 1.3 6.9 0.9 8.4 3.5 21.0 0.790806609495375
36.7 1.3 6.9 0.9 8.4 3.5 21.0 0.790806609495375
36.800000000000004 1.3 6.9 0.9 8.4 3.5 21.0 0.790806609495375
36.9 1.3 6.9 0.9 8.4 3.5 21.0 0.790806609495375
37.0 1.3 6.9 0.9 8.4 3.5 21.0 0.790806609495375
37.1 1.3 6.9 0.9 8.4 3.5 21.0 0.790806609495375
37.2 1.3 6.9 0.9 8.4 3.5 21.0 0.790806609495375
37.300000000000004 1.3 6.9 0.9 8.4 3.5 21.0 0.790806609495375
37.4 1.3 6.9 0.9 8.4 3.5 21.0 0.790806609495375
37.5 1.3 6.9 0.9 8.4 3.5 21.0 0.790806609495375
37.6 1.3 6.9 0.9 8.4 3.5 21.0 0.790806609495375
37.7 1.3 6.9 0.9 8.4 3.5 21.0 0.790806609495375
37.800000000000004 1.3 6.9 0.9 8.4 3.5 21.0 0.790806609495375
37.9 1.3 6.9 0.9 8.4 3.5 21.0 0.790806609495375
38.0 1.3 6.9 0.9 8.4 3.5 21.0 0.790806609495375
38.1 1.3 6.9 0.9 8.4 3.5 21.0 0.790806609495375
38.2 1.3 6.9 0.9 8.4 3.5 21.0 0.790806609495375
38.300000000000004 1.3 6.9 0.9 8.4 3.5 21.0 0.790806609495375
38.400000000000006 1.3 7.0 0.9 8.4 3.5 21.1 0.7927570536725255
38.5 1.3 7.0 0.9 8.4 3.5 21.1 0.7927570536725255
38.6 1.3 7.0 0.9 8.4 3.5 21.1 0.7927570536725255
38.7 1.3 7.0 0.9 8.4 3.5 21.1 0.7927570536725255
38.800000000000004 1.3 7.0 0.9 8.4 3.5 21.1 0.7927570536725255
38.900000000000006 1.3 7.0 0.9 8.4 3.5 21.1 0.7927570536725255
39.0 1.3 7.0 0.9 8.4 3.5 21.1 0.7927570536725255
39.1 1.3 7.0 0.9 8.4 3.5 21.1 0.7927570536725255
39.2 1.3 7.0 0.9 8.4 3.5 21.1 0.7927570536725255
39.300000000000004 1.3 7.0 0.9 8.4 3.5 21.1 0.7927570536725255
39.400000000000006 1.3 7.0 0.9 8.4 3.5 21.1 0.7927570536725255
39.5 1.3 7.0 0.9 8.4 3.5 21.1 0.7927570536725255
39.6 1.3 7.0 0.9 8.4 3.5 21.1 0.7927570536725255
39.7 1.3 7.0 0.9 8.4 3.5 21.1 0.7927570536725255
39.800000000000004 1.3 7.0 0.9 8.4 3.5 21.1 0.7927570536725255
39.900000000000006 1.3 7.0 0.9 8.4 3.5 21.1 0.7927570536725255
40.0 1.3 7.0 0.9 8.4 3.5 21.1 0.7927570536725255
40.1 1.3 7.0 0.9 8.4 3.5 21.1 0.7927570536725255
40.2 1.3 7.0 0.9 8.4 3.5 21.1 0.7927570536725255
40.300000000000004 1.3 7.0 0.9 8.4 3.5 21.1 0.7927570536725255
40.400000000000006 1.3 7.0 0.9 8.4 3.5 21.1 0.7927570536725255
40.5 1.3 7.0 0.9 8.4 3.5 21.1 0.7927570536725255
40.6 1.3 7.0 0.9 8.4 3.5 21.1 0.7927570536725255
40.7 1.3 7.0 0.9 8.4 3.5 21.1 0.7927570536725255
40.800000000000004 1.3 7.0 0.9 8.4 3.5 21.1 0.7927570536725255
40.900000000000006 1.3 7.0 0.9 8.4 3.5 21.1 0.7927570536725255
41.0 1.3 7.0 0.9 8.4 3.5 21.1 0.7927570536725255
41.1 1.3 7.0 0.9 8.4 3.5 21.1 0.7927570536725255
41.2 1.3 7.0 0.9 8.5 3.5 21.2 0.7948091798555464
41.300000000000004 1.3 7.0 0.9 8.5 3.5 21.2 0.7948091798555464
41.400000000000006 1.3 7.0 0.9 8.5 3.5 21.2 0.7948091798555464
41.5 1.3 7.0 0.9 8.5 3.5 21.2 0.7948091798555464
41.6 1.3 7.0 0.9 8.5 3.5 21.2 0.7948091798555464
41.7 1.3 7.0 0.9 8.5 3.5 21.2 0.7948091798555464
41.800000000000004 1.3 7.0 0.9 8.5 3.5 21.2 0.7948091798555464
41.900000000000006 1.3 7.0 0.9 8.5 3.5 21.2 0.7948091798555464
42.0 1.3 7.0 0.9 8.5 3.5 21.2 0.7948091798555464
42.1 1.3 7.0 0.9 8.5 3.5 21.2 0.7948091798555464
42.2 1.3 7.0 0.9 8.5 3.5 21.2 0.7948091798555464
42.300000000000004 1.3 7.0 0.9 8.5 3.5 21.2 0.7948091798555464
42.400000000000006 1.3 7.0 0.9 8.5 3.5 21.2 0.7948091798555464
42.5 1.3 7.0 0.9 8.5 3.5 21.2 0.7948091798555464
42.6 1.3 7.0 0.9 8.5 3.5 21.2 0.7948091798555464
42.7 1.3 7.0 0.9 8.5 3.5 21.2 0.7948091798555464
42.800000000000004 1.3 7.0 0.9 8.5 3.5 21.2 0.7948091798555464
42.900000000000006 1.3 7.0 0.9 8.5 3.5 21.2 0.7948091798555464
43.0 1.3 7.0 0.9 8.5 3.5 21.2 0.7948091798555464
43.1 1.3 7.0 0.9 8.5 3.5 21.2 0.7948091798555464
43.2 1.3 7.0 0.9 8.6 3.5 21.3 0.7968082875086366
43.300000000000004 1.3 7.0 0.9 8.6 3.5 21.3 0.7968082875086366
43.400000000000006 1.3 7.0 0.9 8.6 3.5 21.3 0.7968082875086366
43.5 1.3 7.0 0.9 8.6 3.5 21.3 0.7968082875086366
43.6 1.3 7.0 0.9 8.6 3.5 21.3 0.7968082875086366
43.7 1.3 7.0 0.9 8.6 3.5 21.3 0.7968082875086366
43.800000000000004 1.3 7.0 0.9 8.6 3.5 21.3 0.7968082875086366
43.900000000000006 1.3 7.0 0.9 8.6 3.5 21.3 0.7968082875086366
44.0 1.3 7.0 0.9 8.6 3.5 21.3 0.7968082875086366
44.1 1.3 7.0 0.9 8.6 3.5 21.3 0.7968082875086366
44.2 1.3 7.0 0.9 8.6 3.5 21.3 0.7968082875086366
44.300000000000004 1.3 7.0 0.9 8.6 3.5 21.3 0.7968082875086366
44.400000000000006 1.3 7.0 0.9 8.6 3.5 21.3 0.7968082875086366
44.5 1.3 7.0 0.9 8.6 3.5 21.3 0.7968082875086366
44.6 1.3 7.0 0.9 8.6 3.5 21.3 0.7968082875086366
44.7 1.3 7.0 0.9 8.6 3.5 21.3 0.7968082875086366
44.800000000000004 1.3 7.0 0.9 8.6 3.5 21.3 0.7968082875086366
44.900000000000006 1.3 7.0 0.9 8.6 3.5 21.3 0.7968082875086366
45.0 1.3 7.0 0.9 8.6 3.5 21.3 0.7968082875086366
45.1 1.3 7.0 0.9 8.6 3.5 21.3 0.7968082875086366
45.2 1.3 7.0 0.9 8.6 3.5 21.3 0.7968082875086366
45.300000000000004 1.3 7.0 0.9 8.6 3.5 21.3 0.7968082875086366
45.400000000000006 1.3 7.0 0.9 8.6 3.5 21.3 0.7968082875086366
45.5 1.3 7.0 0.9 8.6 3.5 21.3 0.7968082875086366
45.6 1.3 7.0 0.9 8.6 3.5 21.3 0.7968082875086366
45.7 1.3 7.0 0.9 8.6 3.5 21.3 0.7968082875086366
45.800000000000004 1.3 7.0 0.9 8.6 3.5 21.3 0.7968082875086366
45.900000000000006 1.3 7.0 0.9 8.6 3.5 21.3 0.7968082875086366
46.0 1.3 7.0 0.9 8.6 3.5 21.3 0.7968082875086366
46.1 1.3 7.0 0.9 8.6 3.5 21.3 0.7968082875086366
46.2 1.3 7.0 0.9 8.6 3.5 21.3 0.7968082875086366
46.300000000000004 1.3 7.0 0.9 8.6 3.5 21.3 0.7968082875086366
46.400000000000006 1.3 7.0 0.9 8.6 3.5 21.3 0.7968082875086366
46.5 1.3 7.0 0.9 8.6 3.5 21.3 0.7968082875086366
46.6 1.3 7.0 0.9 8.6 3.5 21.3 0.7968082875086366
46.7 1.3 7.0 0.9 8.6 3.5 21.3 0.7968082875086366
46.800000000000004 1.3 7.0 0.9 8.6 3.5 21.3 0.7968082875086366
46.900000000000006 1.3 7.0 0.9 8.6 3.5 21.3 0.7968082875086366
47.0 1.3 7.0 0.9 8.6 3.5 21.3 0.7968082875086366
47.1 1.3 7.0 0.9 8.6 3.5 21.3 0.7968082875086366
47.2 1.3 7.0 0.9 8.6 3.5 21.3 0.7968082875086366
47.300000000000004 1.3 7.0 0.9 8.6 3.5 21.3 0.7968082875086366
47.400000000000006 1.3 7.0 0.9 8.6 3.5 21.3 0.7968082875086366
47.5 1.3 7.2 0.9 8.6 3.5 21.5 0.8005528034660043
47.6 1.3 7.2 0.9 8.6 3.5 21.5 0.8005528034660043
47.7 1.3 7.2 0.9 8.6 3.5 21.5 0.8005528034660043
47.800000000000004 1.3 7.2 0.9 8.6 3.5 21.5 0.8005528034660043
47.900000000000006 1.3 7.2 0.9 8.6 3.5 21.5 0.8005528034660043
48.0 1.3 7.2 0.9 8.6 3.5 21.5 0.8005528034660043
48.1 1.3 7.2 0.9 8.6 3.5 21.5 0.8005528034660043
48.2 1.3 7.2 0.9 8.6 3.5 21.5 0.8005528034660043
48.300000000000004 1.3 7.2 0.9 8.6 3.5 21.5 0.8005528034660043
48.400000000000006 1.3 7.2 0.9 8.6 3.5 21.5 0.8005528034660043
48.5 1.3 7.2 0.9 8.6 3.5 21.5 0.8005528034660043
48.6 1.3 7.2 0.9 8.6 3.5 21.5 0.8005528034660043
48.7 1.3 7.2 0.9 8.6 3.5 21.5 0.8005528034660043
48.800000000000004 1.3 7.2 0.9 8.6 3.5 21.5 0.8005528034660043
48.900000000000006 1.3 7.2 0.9 8.6 3.5 21.5 0.8005528034660043
49.0 1.3 7.2 0.9 8.6 3.5 21.5 0.8005528034660043
49.1 1.3 7.2 0.9 8.6 3.5 21.5 0.8005528034660043
49.2 1.3 7.2 0.9 8.6 3.5 21.5 0.8005528034660043
49.300000000000004 1.3 7.2 0.9 8.6 3.5 21.5 0.8005528034660043
49.400000000000006 1.3 7.2 0.9 8.6 3.5 21.5 0.8005528034660043
49.5 1.3 7.2 0.9 8.6 3.5 21.5 0.8005528034660043
49.6 1.3 7.2 0.9 8.6 3.5 21.5 0.8005528034660043
49.7 1.3 7.2 0.9 8.6 3.5 21.5 0.8005528034660043
49.800000000000004 1.3 7.2 0.9 8.6 3.5 21.5 0.8005528034660043
49.900000000000006 1.3 7.2 0.9 8.6 3.5 21.5 0.8005528034660043
50.0 1.3 7.2 0.9 8.6 3.5 21.5 0.8005528034660043
50.1 1.3 7.2 0.9 8.6 3.5 21.5 0.8005528034660043
50.2 1.3 7.2 0.9 8.6 3.5 21.5 0.8005528034660043
50.300000000000004 1.3 7.2 0.9 8.6 3.5 21.5 0.8005528034660043
50.400000000000006 1.3 7.2 0.9 8.6 3.5 21.5 0.8005528034660043
50.5 1.3 7.2 0.9 8.6 3.5 21.5 0.8005528034660043
50.6 1.3 7.2 0.9 8.6 3.5 21.5 0.8005528034660043
50.7 1.3 7.2 0.9 8.6 3.5 21.5 0.8005528034660043
50.800000000000004 1.3 7.2 0.9 8.6 3.5 21.5 0.8005528034660043
50.900000000000006 1.3 7.2 0.9 8.6 3.5 21.5 0.8005528034660043
51.0 1.3 7.2 0.9 8.6 3.5 21.5 0.8005528034660043
51.1 1.3 7.2 0.9 8.6 3.5 21.5 0.8005528034660043
51.2 1.3 7.2 0.9 8.6 3.5 21.5 0.8005528034660043
51.300000000000004 1.3 7.2 0.9 8.6 3.5 21.5 0.8005528034660043
51.400000000000006 1.3 7.2 0.9 8.6 3.5 21.5 0.8005528034660043
51.5 1.3 7.2 0.9 8.6 3.5 21.5 0.8005528034660043
51.6 1.3 7.2 0.9 8.6 3.5 21.5 0.8005528034660043
51.7 1.3 7.2 0.9 8.6 3.5 21.5 0.8005528034660043
51.800000000000004 1.3 7.2 0.9 8.6 3.5 21.5 0.8005528034660043
51.900000000000006 1.3 7.2 0.9 8.6 3.5 21.5 0.8005528034660043
52.0 1.3 7.2 0.9 8.6 3.5 21.5 0.8005528034660043
52.1 1.3 7.2 0.9 8.6 3.5 21.5 0.8005528034660043
52.2 1.3 7.2 0.9 8.6 3.5 21.5 0.8005528034660043
52.300000000000004 1.3 7.2 0.9 8.6 3.5 21.5 0.8005528034660043
52.400000000000006 1.3 7.2 0.9 8.6 3.5 21.5 0.8005528034660043
52.5 1.3 7.2 0.9 8.6 3.5 21.5 0.8005528034660043
52.6 1.3 7.2 0.9 8.6 3.5 21.5 0.8005528034660043
52.7 1.3 7.2 0.9 8.6 3.5 21.5 0.8005528034660043
52.800000000000004 1.3 7.2 0.9 8.6 3.5 21.5 0.8005528034660043
52.900000000000006 1.3 7.2 0.9 8.6 3.5 21.5 0.8005528034660043
53.0 1.3 7.2 0.9 8.6 3.5 21.5 0.8005528034660043
53.1 1.3 7.2 0.9 8.6 3.5 21.5 0.8005528034660043
53.2 1.3 7.2 0.9 8.6 3.5 21.5 0.8005528034660043
53.300000000000004 1.3 7.2 0.9 8.6 3.5 21.5 0.8005528034660043
53.400000000000006 1.3 7.2 0.9 8.6 3.5 21.5 0.8005528034660043
53.5 1.3 7.2 0.9 8.6 3.5 21.5 0.8005528034660043
53.6 1.3 7.2 0.9 8.6 3.5 21.5 0.8005528034660043
53.7 1.3 7.2 0.9 8.6 3.5 21.5 0.8005528034660043
53.800000000000004 1.2 7.2 0.9 8.6 3.5 21.4 0.7974215906293582
53.900000000000006 1.2 7.2 0.9 8.6 3.5 21.4 0.7974215906293582
54.0 1.2 7.2 0.9 8.6 3.5 21.4 0.7974215906293582
54.1 1.2 7.2 0.9 8.6 3.5 21.4 0.7974215906293582
54.2 1.2 7.2 0.9 8.6 3.5 21.4 0.7974215906293582
54.300000000000004 1.2 7.2 0.9 8.6 3.5 21.4 0.7974215906293582
54.400000000000006 1.2 7.2 0.9 8.6 3.5 21.4 0.7974215906293582
54.5 1.2 7.2 0.9 8.6 3.5 21.4 0.7974215906293582
54.6 1.2 7.3 0.9 8.6 3.5 21.5 0.8008928902750755
54.7 1.2 7.3 0.9 8.6 3.5 21.5 0.8008928902750755
54.800000000000004 1.2 7.3 0.9 8.6 3.5 21.5 0.8008928902750755
54.900000000000006 1.2 7.3 0.9 8.6 3.5 21.5 0.8008928902750755
55.0 1.2 7.3 0.9 8.6 3.5 21.5 0.8008928902750755
55.1 1.2 7.3 0.9 8.6 3.5 21.5 0.8008928902750755
55.2 1.2 7.3 0.9 8.6 3.5 21.5 0.8008928902750755
55.300000000000004 1.2 7.3 0.9 8.6 3.5 21.5 0.8008928902750755
55.400000000000006 1.2 7.3 0.9 8.6 3.5 21.5 0.8008928902750755
55.5 1.2 7.3 0.9 8.6 3.5 21.5 0.8008928902750755
55.6 1.2 7.3 0.9 8.6 3.5 21.5 0.8008928902750755
55.7 1.2 7.3 0.9 8.6 3.5 21.5 0.8008928902750755
55.800000000000004 1.2 7.3 0.9 8.6 3.5 21.5 0.8008928902750755
55.900000000000006 1.2 7.3 0.9 8.6 3.5 21.5 0.8008928902750755
56.0 1.2 7.3 0.9 8.6 3.5 21.5 0.8008928902750755
56.1 1.2 7.3 0.9 8.6 3.5 21.5 0.8008928902750755
56.2 1.2 7.2 0.9 8.6 3.5 21.4 0.7969581680465936
56.300000000000004 1.2 7.2 0.9 8.6 3.5 21.4 0.7969581680465936
56.400000000000006 1.2 7.2 0.9 8.6 3.5 21.4 0.7969581680465936
56.5 1.2 7.2 0.9 8.6 3.5 21.4 0.7969581680465936
56.6 1.2 7.2 0.9 8.6 3.5 21.4 0.7969581680465936
56.7 1.2 7.2 0.9 8.6 3.5 21.4 0.7969581680465936
56.800000000000004 1.2 7.2 0.9 8.6 3.5 21.4 0.7969581680465936
56.900000000000006 1.2 7.2 0.9 8.6 3.5 21.4 0.7969581680465936
57.0 1.2 7.2 0.9 8.6 3.5 21.4 0.7969581680465936
57.1 1.2 7.2 0.9 8.6 3.5 21.4 0.7969581680465936
57.2 1.2 7.2 0.9 8.7 3.5 21.5 0.7989521922562165
57.300000000000004 1.2 7.2 0.9 8.7 3.5 21.5 0.7989521922562165
57.400000000000006 1.2 7.2 0.9 8.7 3.5 21.5 0.7989521922562165
57.5 1.2 7.2 0.9 8.7 3.5 21.5 0.7989521922562165
57.6 1.2 7.2 0.9 8.7 3.5 21.5 0.7989521922562165
57.7 1.2 7.2 0.9 8.7 3.5 21.5 0.7989521922562165
57.800000000000004 1.2 7.2 0.9 8.7 3.5 21.5 0.7989521922562165
57.900000000000006 1.2 7.2 0.9 8.7 3.5 21.5 0.7989521922562165
58.0 1.2 7.2 0.9 8.7 3.5 21.5 0.7989521922562165
58.1 1.2 7.2 0.9 8.7 3.5 21.5 0.7989521922562165
58.2 1.2 7.2 0.9 8.7 3.5 21.5 0.7989521922562165
58.300000000000004 1.2 7.2 0.9 8.7 3.5 21.5 0.7989521922562165
58.400000000000006 1.2 7.2 0.9 8.7 3.5 21.5 0.7989521922562165
58.5 1.2 7.2 0.9 8.7 3.5 21.5 0.7989521922562165
58.6 1.2 7.2 0.9 8.7 3.5 21.5 0.7989521922562165
58.7 1.2 7.2 0.9 8.7 3.5 21.5 0.7989521922562165
58.800000000000004 1.2 7.2 0.9 8.7 3.5 21.5 0.7989521922562165
58.900000000000006 1.2 7.2 0.9 8.7 3.5 21.5 0.7989521922562165
59.0 1.2 7.2 0.9 8.7 3.5 21.5 0.7989521922562165
59.1 1.2 7.2 0.9 8.7 3.5 21.5 0.7989521922562165
59.2 1.2 7.2 0.9 8.7 3.5 21.5 0.7989521922562165
59.300000000000004 1.2 7.2 0.9 8.7 3.5 21.5 0.7989521922562165
59.400000000000006 1.2 7.2 0.9 8.7 3.5 21.5 0.7989521922562165
59.5 1.2 7.2 0.9 8.7 3.5 21.5 0.7989521922562165
59.6 1.2 7.2 0.9 8.7 3.5 21.5 0.7989521922562165
59.7 1.2 7.2 0.9 8.7 3.5 21.5 0.7989521922562165
59.800000000000004 1.2 7.2 0.9 8.7 3.5 21.5 0.7989521922562165
59.900000000000006 1.2 7.2 0.9 8.7 3.5 21.5 0.7989521922562165
60.0 1.2 7.2 0.9 8.7 3.5 21.5 0.7989521922562165
