#Protein type, x, y, z, NP 
2A73-P2:122.5-147.5,5.573269293256394,17.89097643345661,-1.738366861367769,1.0
2A73-P2:47.5-177.5,3.030110626534465,14.29346398488839,-10.114346097216433,2.0
2A73-P2:122.5-302.5,-9.534026215077748,-7.694210611279576,-13.732318311990724,8.0
3GHG-P3:82.5-52.5,4.373929011843757,-6.572047020179142,21.756018293750998,0.0
3GHG-P3:102.5-52.5,24.476822872790393,-14.487098498647383,-8.129962055821245,8.0
1HZH-P5:82.5-237.5,-14.566102010610816,-15.819333387070088,5.589132643227697,2.0
3K2S-P4:7.5-12.5,-8.329096640605979,-5.322992935571405,18.858233853863453,7.0
2A73-P2:112.5-212.5,12.160311970823479,11.372723902771352,3.930189078692786,5.0
1HZH-P5:137.5-92.5,-3.5465790275552207,-8.008802417826386,-16.332142124368506,5.0
2A73-P2:47.5-182.5,-9.598054909941599,-9.849538831921917,11.19338793196473,6.0
3GHG-P3:47.5-42.5,14.071391195854977,-14.96719539461873,12.592534760618296,5.0
3K2S-P4:17.5-17.5,14.16267436298836,15.232422872013645,-4.227333947184084,4.0
3K2S-P4:67.5-292.5,-0.5801584268752985,13.60563949333011,-6.558265045668448,5.0
3K2S-P4:2.5-352.5,-15.180969905452617,8.418291535830422,-11.913523273921976,0.0
2A73-P2:87.5-272.5,13.3738935841232,11.453954922023179,2.907653036142913,6.0
2A73-P2:67.5-32.5,-4.993256692865424,-16.20008956332135,-7.325401496368833,4.0
2A73-P2:72.5-192.5,-15.172225035226612,-6.076438423412966,6.466742459413592,0.0
1AO6-P1:122.5-347.5,-2.891953319362893,-11.157236420209102,-12.69071119298152,6.0
1HZH-P5:57.5-47.5,9.205060161213789,-8.037365456307215,-11.23413627163585,4.0
2A73-P2:27.5-267.5,13.190199625496158,-1.2311462723355007,-4.40863986260655,1.0
2A73-P2:82.5-192.5,2.920958169042536,14.508632957498206,9.153092761606839,7.0
1AO6-P1:42.5-322.5,1.3464243565898038,2.385434146214384,16.443505731735698,6.0
3K2S-P4:57.5-102.5,-13.346785788440297,-2.9536315724754103,9.002606124367219,3.0
2A73-P2:77.5-337.5,-9.017070572137937,16.162760483523147,-0.030791792949722462,4.0
3K2S-P4:177.5-257.5,9.580804137323183,15.590240734927036,-4.962807123666669,8.0
1HZH-P5:37.5-337.5,-9.679429544424641,-10.598568083267855,-4.247683812562945,1.0
1HZH-P5:137.5-117.5,-9.150340591131382,-13.69078260565224,2.122130843961204,8.0
1HZH-P5:7.5-147.5,12.131908976324027,-5.693609955877185,6.748605500104784,9.0
1HZH-P5:87.5-297.5,4.863085934005993,-18.127486440696504,-2.0712308246001228,7.0
1AO6-P1:122.5-342.5,-0.022493878429149006,17.014433090877635,0.4498287555698122,0.0
2A73-P2:102.5-107.5,11.42018061190716,-1.8453415554901065,13.164707570249142,2.0
2A73-P2:132.5-332.5,-5.806551273103493,3.7308855853492884,15.102390855380467,9.0
1HZH-P5:142.5-327.5,1.3456670868293261,-3.6357125292413253,-15.25100151737267,7.0
3GHG-P3:127.5-7.5,-8.799976447186026,-14.234332691560725,9.962402792774448,9.0
2A73-P2:32.5-272.5,-9.744006068021763,-9.783933562224412,1.785764187777793,1.0
2A73-P2:47.5-157.5,-4.047333333162891,-16.03833288410476,4.309052049687056,4.0
2A73-P2:122.5-227.5,14.92652250144295,5.473525452830249,5.290549599456634,0.0
2A73-P2:7.5-52.5,-0.6028218347584567,-14.656605435318996,3.0959873518885153,9.0
3K2S-P4:167.5-202.5,17.01770659288205,-8.241466985413094,1.341724786242744,9.0
3K2S-P4:167.5-152.5,-7.171446929510298,-17.096237966202185,0.2519582957697688,5.0
1HZH-P5:42.5-317.5,-2.503484691848,-16.21952784568749,-2.743490867443733,5.0
2A73-P2:162.5-277.5,4.296722816456712,-1.6896461898571515,-14.250818961642507,3.0
3K2S-P4:72.5-242.5,-14.501793744694371,1.4824021288646976,-1.0958967841892708,6.0
3K2S-P4:97.5-162.5,12.273280538202687,11.228288979013653,2.1141632920061966,2.0
1HZH-P5:42.5-337.5,-5.852430978872579,6.284933056013695,-12.729069218224542,5.0
2A73-P2:62.5-142.5,12.422471353926301,-10.159175047414816,4.780133664946992,1.0
3K2S-P4:72.5-112.5,3.376413575333907,5.567532949789707,-13.75788361430714,1.0
2A73-P2:137.5-197.5,8.175137178303618,0.7738360165368469,-14.332752157283991,1.0
1AO6-P1:147.5-97.5,-6.390406804587769,-13.95201339075281,-3.671784973537439,3.0
1HZH-P5:112.5-112.5,10.656602404962095,6.908209487502983,-10.841782368675513,5.0
2A73-P2:157.5-37.5,12.165996371808333,-0.494211763681206,-6.311459169565799,0.0
2A73-P2:127.5-127.5,-16.146036234329852,2.2659320895320767,-5.89937835145099,1.0
1HZH-P5:142.5-327.5,-12.08971845021488,-9.697884652876242,-2.72250139408648,7.0
2A73-P2:162.5-172.5,0.01944607877356099,15.043890563089615,2.4486535038021144,9.0
3K2S-P4:97.5-32.5,-15.982296466469343,3.5139894749241987,3.843803918690067,8.0
2A73-P2:107.5-52.5,16.09144901137207,1.4472129728321896,-1.9280563029170172,4.0
2A73-P2:22.5-32.5,13.340408383889686,-1.5678199388038205,8.788460950053546,6.0
2A73-P2:122.5-242.5,-13.976825199677121,-8.791945925947928,-2.971867564106035,3.0
3K2S-P4:57.5-212.5,5.721651750623014,-0.10582658906773389,-16.397183918738026,3.0
3K2S-P4:77.5-327.5,-12.703168421948853,-11.912834558135843,-1.4340294718641686,9.0
2A73-P2:92.5-277.5,13.15501581303202,9.032126486988133,-8.094465084652485,7.0
2A73-P2:47.5-137.5,-13.083960577236281,9.654238110004,-1.4780844561605144,2.0
2A73-P2:122.5-137.5,17.715106594704693,3.3111575524565335,-2.989526069458949,3.0
1AO6-P1:127.5-102.5,1.127127416168038,-14.623811326195382,-5.940247162700422,7.0
3K2S-P4:87.5-162.5,-9.008375126977977,13.284218500540801,-3.9085785043711585,8.0
1AO6-P1:102.5-102.5,-15.557652804830933,0.1917958435639264,2.6489062129521628,7.0
3K2S-P4:92.5-277.5,-7.028325994379264,8.80098684029013,-8.212848164527994,9.0
2A73-P2:17.5-217.5,3.5575123594123164,-3.6916874461544236,14.308443444977405,9.0
1AO6-P1:132.5-322.5,-15.765781612490995,-2.8312997533940596,0.8762531889030031,6.0
1HZH-P5:107.5-177.5,14.360473128878198,6.7305021311376425,2.333683048914903,0.0
2A73-P2:42.5-297.5,7.702130697992301,5.722307761593646,11.10274121993663,9.0
3K2S-P4:92.5-282.5,-12.472795108075392,3.4045159808175582,5.468832896531445,8.0
1HZH-P5:27.5-202.5,-17.122688848333134,-4.498014719534108,5.380418142989814,3.0
3K2S-P4:47.5-7.5,-19.371078078926935,6.9955165681120794,3.484819021764212,2.0
2A73-P2:12.5-217.5,7.910027217957265,-10.722557389948149,-7.070270912392232,1.0
3K2S-P4:72.5-102.5,0.4253695870717738,-14.799361900268682,-0.5443205051983777,6.0
3K2S-P4:117.5-257.5,-1.7685566774187644,11.751575800817175,-10.530011358796763,8.0
2A73-P2:42.5-162.5,-0.4992032221228054,-11.426966778982068,-13.065015711053613,0.0
3K2S-P4:72.5-62.5,2.2683190910634066,-13.221384365964974,-8.56602517277956,9.0
3K2S-P4:67.5-297.5,-9.35326933652716,-11.698711635611936,3.7660187615822696,2.0
1AO6-P1:147.5-332.5,-6.777798715339236,10.877758925323567,10.07588919867693,8.0
2A73-P2:7.5-127.5,-4.2596807340442995,12.880497803185378,7.579252432123596,8.0
1HZH-P5:117.5-147.5,1.913745050626052,4.53684699424815,13.779627570387696,1.0
3K2S-P4:67.5-237.5,11.251891547955019,7.497135039949754,6.289167386124393,1.0
1AO6-P1:152.5-92.5,-1.5283238532111199,-14.867228363874434,5.311694342354497,1.0
1AO6-P1:37.5-62.5,13.394569652040861,-4.066444834291926,-8.45344921841019,5.0
3K2S-P4:77.5-37.5,-9.993799470889163,3.524224057713585,-13.303059134437682,2.0
1HZH-P5:17.5-102.5,2.180215220759969,10.383910655672059,10.479675101449448,0.0
1HZH-P5:107.5-307.5,5.1615747153746305,3.582570443343412,-14.304285187069736,0.0
1HZH-P5:62.5-277.5,-1.6887598041647323,3.2124061039872553,20.011115584747866,5.0
1HZH-P5:12.5-152.5,-9.367108869040873,-1.4204416425969846,-12.198434258653387,4.0
3K2S-P4:42.5-127.5,-8.329702034058808,-7.407587827805441,12.673360187708269,5.0
1HZH-P5:42.5-37.5,-8.144565629618596,8.670810246651849,8.94690258543245,7.0
1HZH-P5:92.5-222.5,-9.602449365199872,-9.334579983168378,16.564884738488104,7.0
2A73-P2:2.5-152.5,14.045479246513123,1.7846299320423276,-4.7128483493613285,2.0
3K2S-P4:62.5-72.5,5.1133584491422965,12.430632739880943,9.452349081835418,7.0
3K2S-P4:87.5-277.5,-11.998878060925607,-6.860852878375539,1.0819312874212441,8.0
1AO6-P1:27.5-297.5,-13.889897992967848,9.665671617787181,1.075545923387772,9.0
2A73-P2:112.5-197.5,4.796991729275018,16.68871360681081,-0.6425293390310559,3.0
3K2S-P4:132.5-72.5,13.102197508357637,3.457224071048851,-6.044935739264717,9.0
2A73-P2:27.5-292.5,10.112247494223004,9.58734878891608,1.980518627423694,9.0
2A73-P2:157.5-52.5,12.510490288205503,-4.004315044156587,-3.8909830519983366,6.0
3K2S-P4:112.5-262.5,-6.299780655484774,9.160350229286651,-10.69220064311031,9.0
3GHG-P3:112.5-12.5,4.703471077561827,4.410253940748624,-17.491015634679258,9.0
3K2S-P4:92.5-72.5,-4.114113074917022,-7.488520553170269,-11.018023492712485,3.0
2A73-P2:107.5-192.5,-10.337905087374404,-6.313912424193581,-12.648418879279534,5.0
1HZH-P5:27.5-117.5,-13.876067313002974,1.442877177468302,7.6584516017190865,1.0
1HZH-P5:122.5-222.5,17.977632299727556,-3.705375294932084,-1.5670264718215519,2.0
1AO6-P1:152.5-152.5,-5.114060979752369,-4.477114191651476,14.813376659174754,8.0
1AO6-P1:127.5-217.5,-4.781833155357931,1.396621234441239,15.496642585103103,2.0
3K2S-P4:82.5-277.5,-0.2655132834047364,-9.125064390334446,-10.301325809554495,3.0
2A73-P2:17.5-32.5,-9.062144754726015,6.946063150316055,-10.817610155209962,6.0
2A73-P2:157.5-37.5,-7.4339636615189075,-1.6727818834571968,-11.40299148841673,3.0
1HZH-P5:52.5-62.5,-3.7550245005453315,-6.028262975282226,-15.196422859473266,1.0
3GHG-P3:77.5-172.5,4.855778032715088,1.1139474381790773,-14.326517130533755,9.0
2A73-P2:122.5-332.5,13.104497356890473,-11.478234998841963,2.2153998229586493,0.0
2A73-P2:7.5-62.5,12.630685994527822,4.924014038972947,6.634388757914376,8.0
1HZH-P5:87.5-182.5,-10.914281148595444,10.063335692385563,9.952306559043807,0.0
2A73-P2:22.5-212.5,-3.1124818606471756,-15.113808398088253,0.40989203709916666,6.0
3K2S-P4:62.5-262.5,11.226670929365717,5.471568540631521,6.021940336405278,8.0
3GHG-P3:107.5-72.5,-1.5290784149810037,-3.6269963117258595,29.444731619131428,4.0
1HZH-P5:132.5-322.5,0.7762392024591281,-5.650501053534161,14.72326290710474,4.0
2A73-P2:47.5-172.5,12.001519743941508,-11.770858516945223,-5.496287350584447,4.0
3K2S-P4:77.5-72.5,12.153314801549776,-8.803090068062465,1.0672443448114366,0.0
1AO6-P1:112.5-112.5,-10.8344777178808,2.1924655513022504,-11.617025508044021,7.0
3K2S-P4:62.5-277.5,11.080395324432194,-6.752689502390068,-5.5670687148110956,5.0
2A73-P2:12.5-102.5,-1.2322883711885313,-4.048591791921983,15.015147449239192,3.0
3K2S-P4:147.5-87.5,8.773465905586596,3.1168816140278763,13.412742252308433,3.0
3K2S-P4:62.5-77.5,-15.811338741323434,-3.4733618346713486,3.004877343501499,4.0
2A73-P2:157.5-52.5,10.26170720350369,8.401780888487497,3.4342537044440817,9.0
1AO6-P1:37.5-62.5,12.824249438626186,-0.6948982948142346,10.122599277740557,4.0
2A73-P2:12.5-202.5,6.457624758271896,-1.4721604464401685,13.815198097251852,8.0
1HZH-P5:102.5-307.5,12.295749257966966,-1.1399100262400432,10.425260515813283,6.0
1HZH-P5:67.5-167.5,-10.43325253616417,-2.7546125810120907,-13.642916561120009,9.0
3GHG-P3:117.5-352.5,6.617703042349475,-1.9160422548613485,-13.199180981732436,2.0
3GHG-P3:67.5-122.5,16.05209296176341,-19.455120531014565,-1.1283399508565137,7.0
3GHG-P3:72.5-172.5,8.753016591465432,7.792302308315036,8.265778777362321,3.0
3K2S-P4:107.5-257.5,-0.23843357293893463,12.831359115428528,8.032986069229311,2.0
3K2S-P4:157.5-357.5,11.96100544066289,-2.624333044078828,14.705931401699214,7.0
1AO6-P1:157.5-137.5,12.691021377485972,0.7117428513386231,9.993287729053387,7.0
3K2S-P4:107.5-262.5,-6.954714393284389,-3.6591917531697633,-12.713562560344474,1.0
2A73-P2:52.5-187.5,-15.997793411471765,7.783682450920732,2.06552873849401,9.0
3GHG-P3:82.5-172.5,13.161660789703035,-9.433098493966916,3.0052678204091183,3.0
3K2S-P4:62.5-297.5,9.659136886166777,1.8713141077091473,12.233902414118852,3.0
1HZH-P5:22.5-122.5,-4.899383528407845,12.647767959655354,8.060936357207508,1.0
1AO6-P1:112.5-37.5,-1.7273504884387512,8.315425648427986,12.702046718568676,3.0
3K2S-P4:67.5-22.5,-11.508163090401752,5.616809292273592,-15.438040295820828,0.0
3K2S-P4:112.5-62.5,9.214734146467,-9.56798700655832,-4.451180435557958,3.0
1HZH-P5:152.5-187.5,9.695661329961046,2.8724078273922196,-14.121463689400374,6.0
2A73-P2:77.5-302.5,-0.125886337192413,7.618550538429069,-15.65022415203988,8.0
1HZH-P5:32.5-322.5,11.474544535212447,-9.179922259182598,5.073779053548818,3.0
1AO6-P1:107.5-197.5,4.8342197564014855,-16.061786589418958,-2.4709181021311566,2.0
3GHG-P3:102.5-352.5,-14.048839869825795,4.745989904239765,2.9968991755656478,5.0
2A73-P2:122.5-242.5,-9.299812301872135,12.89721553029897,5.35324904713671,6.0
3K2S-P4:127.5-147.5,-12.057326260306258,0.18154597950727064,13.677337636226785,1.0
3K2S-P4:72.5-292.5,11.584225760088993,-8.907988398189188,2.5110713736791745,4.0
3K2S-P4:92.5-242.5,0.7923630497890947,7.626916413766113,-12.97239763211706,7.0
2A73-P2:47.5-292.5,6.155553384453836,-7.228453882055513,11.364132495220952,8.0
2A73-P2:87.5-267.5,-11.918349716273717,9.8702182139834,8.906617552662194,0.0
3K2S-P4:82.5-112.5,5.000636867702404,-10.678652890240233,9.098213488368211,6.0
1HZH-P5:142.5-182.5,0.7367805973622883,16.145149835778817,-3.9347151033462593,6.0
3K2S-P4:57.5-267.5,0.3199106549618366,-13.56870995099846,3.9537109019425274,0.0
3K2S-P4:62.5-237.5,-13.278283624174074,3.8729833948958707,-5.280824268303623,3.0
2A73-P2:62.5-147.5,-8.484087968307708,14.173607931072153,-3.3997160667229718,7.0
2A73-P2:37.5-272.5,9.02906817604605,-5.313297111995752,-9.235230071136328,9.0
3K2S-P4:62.5-267.5,-8.135804894424068,10.95070009333938,2.4551054215793244,3.0
1AO6-P1:57.5-272.5,1.981569037243535,-6.153484674307875,14.61618031271154,1.0
3GHG-P3:67.5-167.5,-4.564595282934626,-10.308162103159136,-8.591840046298453,2.0
2A73-P2:62.5-42.5,-6.805813943589241,15.508014581528283,6.055007953440847,5.0
1HZH-P5:127.5-152.5,-5.088099867871484,8.485065790459439,-11.132494489213322,4.0
3K2S-P4:112.5-277.5,-2.3554573196296045,-12.594385717719868,7.626630055300433,3.0
3K2S-P4:77.5-242.5,5.021438327657157,4.6088015649551455,-13.05443547073011,4.0
3K2S-P4:57.5-262.5,2.6098713524801056,11.984126212782803,6.958267001775753,4.0
2A73-P2:47.5-287.5,3.959506063488108,7.944455707705426,11.621857514400238,8.0
3K2S-P4:112.5-72.5,-7.928922482485149,3.6040483799898557,10.586247733176432,6.0
3K2S-P4:102.5-57.5,1.4622880759012562,-13.134791116346923,5.319894700128603,8.0
3K2S-P4:62.5-267.5,-10.38606364856628,-3.660641409800955,-8.418199498838595,6.0
3K2S-P4:87.5-282.5,-9.78021674154031,-9.125591136011753,-4.0132814754882,0.0
3K2S-P4:57.5-257.5,-3.873005203897606,6.866380310042296,-11.836925284317529,3.0
2A73-P2:157.5-47.5,-12.888825620364825,-4.219694311808226,1.7448710056297114,5.0
3K2S-P4:67.5-247.5,-12.19304489165063,2.952407534455132,-6.768904682815245,8.0
2A73-P2:12.5-222.5,8.30961256502368,10.95159871175243,-5.999370176039279,0.0
2A73-P2:147.5-22.5,4.426039286627049,-10.79958840998157,8.259663131078156,2.0
3K2S-P4:82.5-267.5,1.042555603086592,11.334582607212226,7.642253492980003,6.0
1HZH-P5:122.5-162.5,7.446689650728264,-11.148036463629138,-6.284605960955147,6.0
2A73-P2:157.5-22.5,2.8125423614825737,-13.595064464631823,-0.36711806887035364,3.0
1HZH-P5:7.5-117.5,-8.868073650722197,11.55905414422124,-2.2929986927885584,1.0
2A73-P2:17.5-247.5,3.7869192200155393,12.427078646158819,-6.522233419685072,9.0
2A73-P2:157.5-67.5,-6.057491560104949,7.568659595965177,-9.770685135030643,1.0
1HZH-P5:142.5-297.5,-12.97227876710232,3.8908834028838037,-4.585780673812894,4.0
