t/s,s_1AO6-P1,s_2A73-P2,s_3GHG-P3,s_3K2S-P4,s_1HZH-P5,total,total_coverage
0.0 0.0 0.0 0.0 0.0 0.0 0.0 0.0
0.1 0.03264873639375851 0.11248946068271307 0.06231818863404737 0.12102172363576238 0.1300254830565951 9.8 0.4585035924028765
0.2 0.05996618262844885 0.15688696844110855 0.08074915668425169 0.10637518755137901 0.13667953578876674 12.0 0.5406570310939548
0.30000000000000004 0.05925118623738483 0.16156950556562027 0.0766359738197262 0.14163976823555421 0.1467279626258565 12.8 0.5858243964841418
0.4 0.07365002054136824 0.1844814780285365 0.06715510671985972 0.14440186860687615 0.15153241727201067 13.6 0.6212208911686512
0.5 0.07032629661006945 0.20340898815320405 0.0734722265806088 0.13205235208788124 0.16231875868278037 14.3 0.6415786221145441
0.6000000000000001 0.07094939395019012 0.21098976483663473 0.0734722265806088 0.13270896433752827 0.1711739506714618 14.7 0.6592943003764239
0.7000000000000001 0.07388916973520185 0.22358277123155562 0.0734722265806088 0.1317937861849706 0.17258650677575063 15.2 0.6753244605080876
0.8 0.08174192568814398 0.23590299368602924 0.0734722265806088 0.13879431943713072 0.16480012940385486 15.6 0.6947115947957676
0.9 0.08181221243506931 0.23952400686225683 0.0734722265806088 0.14054318412332584 0.17027794669493565 15.9 0.7056295766961965
1.0 0.07434005058307491 0.23162934600461665 0.0734722265806088 0.14998665943913475 0.17311190351844655 15.6 0.7025401861258818
1.1 0.0693195762206364 0.23577367115571982 0.0734722265806088 0.15711884670071524 0.16029776638127638 15.5 0.6959820870389568
1.2000000000000002 0.07382505024948924 0.23542405178647713 0.0734722265806088 0.15552779249246765 0.1446356591028717 15.2 0.6828847802119146
1.3 0.07382505024948924 0.23747243961339226 0.0734722265806088 0.16118704160797567 0.14364533381150923 15.5 0.6896020918629752
1.4000000000000001 0.08129144796053393 0.23542405178647713 0.0734722265806088 0.16118704160797567 0.13625552148957082 15.5 0.6876302894251662
1.5 0.08129144796053393 0.23355445796082383 0.0734722265806088 0.1656286818206391 0.1298051887963487 15.3 0.6837520031189543
1.6 0.08129144796053393 0.23387486531194673 0.0734722265806088 0.1656286818206391 0.1403924802030348 15.7 0.6946597018767636
1.7000000000000002 0.07773415625958875 0.2280439655753555 0.0734722265806088 0.1656286818206391 0.14438176563189062 15.4 0.689260795868083
1.8 0.07773415625958875 0.22437368113697814 0.0734722265806088 0.16996878615908362 0.15174825794820726 15.6 0.6972971080844668
1.9000000000000001 0.08172391607763294 0.22437368113697814 0.0734722265806088 0.16996878615908362 0.15174825794820726 15.7 0.7012868679025109
2.0 0.08172391607763294 0.22437368113697814 0.0734722265806088 0.16996878615908362 0.1545175646430898 15.8 0.7040561745973934
2.1 0.0857041507782979 0.2264368972120375 0.0734722265806088 0.16996878615908362 0.15740809273785109 16.1 0.7129901534678791
2.2 0.0857041507782979 0.2217307939202811 0.0734722265806088 0.16996878615908362 0.16502511822588045 16.1 0.7159010756641521
2.3000000000000003 0.08232368089382344 0.2202090772795106 0.0734722265806088 0.1759398194899799 0.16502511822588045 16.2 0.7169699224698033
2.4000000000000004 0.08672488497513751 0.2202090772795106 0.0734722265806088 0.1759398194899799 0.1694642788027106 16.4 0.7258102871279475
2.5 0.08334500728612147 0.21995517413757332 0.0734722265806088 0.1759398194899799 0.1624935076688797 16.1 0.7152057351631633
2.6 0.08334500728612147 0.2239542717478075 0.0734722265806088 0.178672142236161 0.1622236512927933 16.4 0.7216672991434921
2.7 0.0865896823749031 0.2239542717478075 0.07916907721150393 0.17870902543310357 0.15717130111576494 16.6 0.7255933578830833
2.8000000000000003 0.08334500728612147 0.22878927672031651 0.06886802856629681 0.17870902543310357 0.15671019078997156 16.5 0.7164215287958102
2.9000000000000004 0.08334500728612147 0.22878927672031651 0.06886802856629681 0.17558946435296657 0.15995132673668688 16.5 0.7165431036623884
3.0 0.09058775096525089 0.23097989645690536 0.06886802856629681 0.17374580738340317 0.15995132673668688 16.7 0.7241328101085432
3.1 0.08243636247370034 0.23570195675222755 0.06886802856629681 0.17565192680695177 0.15995132673668688 16.7 0.7226096013358637
3.2 0.08243636247370034 0.23308988216611057 0.07185974734797913 0.17565192680695177 0.1595939894055725 16.8 0.7226319082003145
3.3000000000000003 0.08243636247370034 0.24089421236205485 0.07185974734797913 0.17565192680695177 0.1595939894055725 17.0 0.7304362383962589
3.4000000000000004 0.08243636247370034 0.23858351899755204 0.07185974734797913 0.17565192680695177 0.16470620687295742 17.1 0.7332377624991409
3.5 0.08243636247370034 0.23611248506525842 0.07185974734797913 0.17763392660961402 0.16194647197760156 17.0 0.7299889934741537
3.6 0.08243636247370034 0.23611248506525842 0.07185974734797913 0.1747650859767423 0.16194647197760156 16.9 0.727120152841282
3.7 0.08611343457596901 0.2322060726891773 0.05840788542956179 0.17983517312109212 0.16118720155888328 17.1 0.7177497673746838
3.8000000000000003 0.08586437379109069 0.24350726528638514 0.05840788542956179 0.17373264570508823 0.16118720155888328 17.4 0.7226993717710093
3.9000000000000004 0.08586437379109069 0.2369856798031394 0.07132823776175665 0.16686137391054182 0.16970578417192628 17.6 0.7307454494384548
4.0 0.08964655111018724 0.23231725476902695 0.07367376140603607 0.1687626132656141 0.16171136854515936 17.4 0.7261115490960239
4.1000000000000005 0.08964655111018724 0.23231725476902695 0.07769292566824462 0.1687626132656141 0.16171136854515936 17.5 0.7301307133582324
4.2 0.0868283909715516 0.23231725476902695 0.07769292566824462 0.16526147932222432 0.16171136854515936 17.4 0.7238114192762068
4.3 0.08703992031966842 0.23559990047462817 0.07769292566824462 0.16713490989549082 0.16518476563696557 17.7 0.7326524219949977
4.4 0.09152701189061493 0.22504927708214068 0.07769292566824462 0.1720806291043905 0.16594290233197911 17.8 0.73229274607737
4.5 0.09230831075937396 0.2293104653235542 0.08065364340904038 0.1720806291043905 0.16594290233197911 18.0 0.7402959509283384
4.6000000000000005 0.09230831075937396 0.22463818305461927 0.08065364340904038 0.17746900534614987 0.16594290233197911 18.0 0.7410120449011628
4.7 0.08491339859108053 0.22165743781650787 0.08065364340904038 0.17746900534614987 0.16249803592118223 17.6 0.727191521083961
4.800000000000001 0.08187047728925156 0.22436661430181512 0.08065364340904038 0.18310711179410213 0.15688277063492614 17.7 0.7268806174291355
4.9 0.08187047728925156 0.22466541569437543 0.08065364340904038 0.18310711179410213 0.15688277063492614 17.7 0.7271794188216956
5.0 0.08187047728925156 0.22667370783401294 0.08065364340904038 0.18588309390482594 0.15688277063492614 17.9 0.7319636930720568
5.1000000000000005 0.08187047728925156 0.22466541569437543 0.08065364340904038 0.18588309390482594 0.15688277063492614 17.8 0.7299554009324194
5.2 0.08187047728925156 0.22466541569437543 0.08065364340904038 0.1880716136046949 0.16391361916737873 18.1 0.7391747691647409
5.300000000000001 0.08187047728925156 0.22466541569437543 0.08065364340904038 0.19077854417299314 0.16391361916737873 18.2 0.7418816997330391
5.4 0.08187047728925156 0.22466541569437543 0.08065364340904038 0.19077854417299314 0.16391361916737873 18.2 0.7418816997330391
5.5 0.08187047728925156 0.22466541569437543 0.08065364340904038 0.19077854417299314 0.16103136330741716 18.1 0.7389994438730775
5.6000000000000005 0.08625528288181047 0.22696705422006644 0.08065364340904038 0.19077854417299314 0.16103136330741716 18.3 0.7456858879913274
5.7 0.08625528288181047 0.22466541569437543 0.08065364340904038 0.19077854417299314 0.16103136330741716 18.2 0.7433842494656364
5.800000000000001 0.08625528288181047 0.22466541569437543 0.08065364340904038 0.19423615311507697 0.16103136330741716 18.3 0.7468418584077202
5.9 0.08187047728925156 0.22466541569437543 0.08065364340904038 0.19423615311507697 0.15659220273058702 18.1 0.7380178922383313
6.0 0.08187047728925156 0.22466541569437543 0.08065364340904038 0.19423615311507697 0.15526224590136373 18.1 0.7366879354091079
6.1000000000000005 0.08187047728925156 0.22899527377035128 0.08065364340904038 0.19423615311507697 0.15526224590136373 18.2 0.7410177934850838
6.2 0.08187047728925156 0.22899527377035128 0.08065364340904038 0.1961421943897419 0.15526224590136373 18.3 0.7429238347597487
6.300000000000001 0.08187047728925156 0.22899527377035128 0.08065364340904038 0.1961421943897419 0.15526224590136373 18.3 0.7429238347597487
6.4 0.08187047728925156 0.22899527377035128 0.08065364340904038 0.1961421943897419 0.15526224590136373 18.3 0.7429238347597487
6.5 0.08187047728925156 0.22899527377035128 0.08065364340904038 0.1961421943897419 0.15526224590136373 18.3 0.7429238347597487
6.6000000000000005 0.08187047728925156 0.22899527377035128 0.08065364340904038 0.1961421943897419 0.15526224590136373 18.3 0.7429238347597487
6.7 0.08187047728925156 0.22899527377035128 0.08065364340904038 0.19423615311507697 0.15526224590136373 18.2 0.7410177934850838
6.800000000000001 0.08187047728925156 0.23146950423075766 0.08065364340904038 0.19423615311507697 0.15526224590136373 18.3 0.7434920239454901
6.9 0.08187047728925156 0.23146950423075766 0.08065364340904038 0.19423615311507697 0.15526224590136373 18.3 0.7434920239454901
7.0 0.08187047728925156 0.22913045015285255 0.08065364340904038 0.19423615311507697 0.15526224590136373 18.2 0.741152969867585
7.1000000000000005 0.08187047728925156 0.22913045015285255 0.08065364340904038 0.19423615311507697 0.15526224590136373 18.2 0.741152969867585
7.2 0.08187047728925156 0.22913045015285255 0.08065364340904038 0.19423615311507697 0.15526224590136373 18.2 0.741152969867585
7.300000000000001 0.08187047728925156 0.2266562196924462 0.08065364340904038 0.18977672809986207 0.15526224590136373 18.0 0.7342193143919638
7.4 0.08187047728925156 0.2266562196924462 0.08065364340904038 0.18977672809986207 0.15526224590136373 18.0 0.7342193143919638
7.5 0.08187047728925156 0.2266562196924462 0.08065364340904038 0.18977672809986207 0.15526224590136373 18.0 0.7342193143919638
7.6000000000000005 0.08187047728925156 0.22871451906626405 0.08065364340904038 0.18977672809986207 0.15526224590136373 18.1 0.7362776137657816
7.7 0.08187047728925156 0.22871451906626405 0.08065364340904038 0.18977672809986207 0.15526224590136373 18.1 0.7362776137657816
7.800000000000001 0.08187047728925156 0.22871451906626405 0.08065364340904038 0.18977672809986207 0.15526224590136373 18.1 0.7362776137657816
7.9 0.08187047728925156 0.22871451906626405 0.08065364340904038 0.18977672809986207 0.15526224590136373 18.1 0.7362776137657816
8.0 0.08187047728925156 0.22871451906626405 0.08065364340904038 0.18977672809986207 0.15526224590136373 18.1 0.7362776137657816
8.1 0.08187047728925156 0.22871451906626405 0.08065364340904038 0.18790329752659557 0.15526224590136373 18.0 0.7344041831925152
8.200000000000001 0.08187047728925156 0.22871451906626405 0.08065364340904038 0.18790329752659557 0.15526224590136373 18.0 0.7344041831925152
8.3 0.08187047728925156 0.22871451906626405 0.08065364340904038 0.18988248564467364 0.15526224590136373 18.1 0.7363833713105932
8.4 0.08187047728925156 0.22871451906626405 0.08065364340904038 0.18988248564467364 0.15526224590136373 18.1 0.7363833713105932
8.5 0.08187047728925156 0.22871451906626405 0.08065364340904038 0.18988248564467364 0.15526224590136373 18.1 0.7363833713105932
8.6 0.08187047728925156 0.22871451906626405 0.08065364340904038 0.18988248564467364 0.15526224590136373 18.1 0.7363833713105932
8.700000000000001 0.08187047728925156 0.22871451906626405 0.08065364340904038 0.18988248564467364 0.15526224590136373 18.1 0.7363833713105932
8.8 0.08187047728925156 0.22871451906626405 0.08065364340904038 0.18988248564467364 0.15526224590136373 18.1 0.7363833713105932
8.9 0.08187047728925156 0.22871451906626405 0.08065364340904038 0.18988248564467364 0.15526224590136373 18.1 0.7363833713105932
9.0 0.08187047728925156 0.22871451906626405 0.08065364340904038 0.18988248564467364 0.15526224590136373 18.1 0.7363833713105932
9.1 0.08187047728925156 0.22871451906626405 0.08065364340904038 0.18988248564467364 0.15526224590136373 18.1 0.7363833713105932
9.200000000000001 0.08187047728925156 0.22871451906626405 0.08065364340904038 0.18988248564467364 0.15526224590136373 18.1 0.7363833713105932
9.3 0.08187047728925156 0.22871451906626405 0.08065364340904038 0.18988248564467364 0.15526224590136373 18.1 0.7363833713105932
9.4 0.08187047728925156 0.22871451906626405 0.08065364340904038 0.18988248564467364 0.15526224590136373 18.1 0.7363833713105932
9.5 0.08187047728925156 0.22871451906626405 0.08065364340904038 0.18988248564467364 0.15526224590136373 18.1 0.7363833713105932
9.600000000000001 0.08187047728925156 0.22871451906626405 0.08065364340904038 0.18988248564467364 0.15526224590136373 18.1 0.7363833713105932
9.700000000000001 0.08187047728925156 0.22871451906626405 0.08065364340904038 0.18988248564467364 0.15526224590136373 18.1 0.7363833713105932
9.8 0.08187047728925156 0.22871451906626405 0.08065364340904038 0.18988248564467364 0.15526224590136373 18.1 0.7363833713105932
9.9 0.08187047728925156 0.22871451906626405 0.08065364340904038 0.18988248564467364 0.15526224590136373 18.1 0.7363833713105932
10.0 0.08187047728925156 0.22871451906626405 0.08065364340904038 0.18988248564467364 0.15526224590136373 18.1 0.7363833713105932
10.100000000000001 0.08550502456927855 0.22871451906626405 0.08065364340904038 0.18988248564467364 0.15526224590136373 18.2 0.7400179185906202
10.200000000000001 0.08550502456927855 0.22871451906626405 0.08065364340904038 0.18988248564467364 0.15526224590136373 18.2 0.7400179185906202
10.3 0.08550502456927855 0.22871451906626405 0.08065364340904038 0.18642487670258978 0.15526224590136373 18.1 0.7365603096485364
10.4 0.08550502456927855 0.22871451906626405 0.08065364340904038 0.18642487670258978 0.15526224590136373 18.1 0.7365603096485364
10.5 0.08550502456927855 0.22871451906626405 0.08065364340904038 0.18642487670258978 0.15526224590136373 18.1 0.7365603096485364
10.600000000000001 0.08550502456927855 0.22871451906626405 0.08065364340904038 0.18642487670258978 0.15526224590136373 18.1 0.7365603096485364
10.700000000000001 0.08550502456927855 0.22871451906626405 0.08065364340904038 0.18642487670258978 0.15526224590136373 18.1 0.7365603096485364
10.8 0.08550502456927855 0.22871451906626405 0.08065364340904038 0.18642487670258978 0.15526224590136373 18.1 0.7365603096485364
10.9 0.08550502456927855 0.22871451906626405 0.08065364340904038 0.18642487670258978 0.15526224590136373 18.1 0.7365603096485364
11.0 0.08550502456927855 0.23058344078293141 0.08065364340904038 0.18642487670258978 0.1580219807967196 18.3 0.7411889662605596
11.100000000000001 0.08550502456927855 0.23058344078293141 0.08065364340904038 0.18642487670258978 0.1580219807967196 18.3 0.7411889662605596
11.200000000000001 0.08550502456927855 0.23058344078293141 0.08065364340904038 0.18642487670258978 0.1580219807967196 18.3 0.7411889662605596
11.3 0.08550502456927855 0.23058344078293141 0.08065364340904038 0.18642487670258978 0.1580219807967196 18.3 0.7411889662605596
11.4 0.08550502456927855 0.23058344078293141 0.08065364340904038 0.18642487670258978 0.1580219807967196 18.3 0.7411889662605596
11.5 0.08550502456927855 0.23058344078293141 0.0828711076188591 0.18642487670258978 0.1580219807967196 18.4 0.7434064304703785
11.600000000000001 0.08550502456927855 0.23058344078293141 0.0828711076188591 0.18826267359810847 0.1580219807967196 18.5 0.7452442273658971
11.700000000000001 0.08550502456927855 0.23058344078293141 0.0828711076188591 0.18826267359810847 0.1580219807967196 18.5 0.7452442273658971
11.8 0.08550502456927855 0.23058344078293141 0.0828711076188591 0.18826267359810847 0.1580219807967196 18.5 0.7452442273658971
11.9 0.08550502456927855 0.23058344078293141 0.0828711076188591 0.18826267359810847 0.1580219807967196 18.5 0.7452442273658971
12.0 0.08550502456927855 0.23058344078293141 0.0828711076188591 0.18826267359810847 0.1580219807967196 18.5 0.7452442273658971
12.100000000000001 0.08550502456927855 0.23058344078293141 0.0828711076188591 0.18642487670258978 0.1580219807967196 18.4 0.7434064304703785
12.200000000000001 0.08550502456927855 0.23058344078293141 0.0828711076188591 0.18642487670258978 0.1580219807967196 18.4 0.7434064304703785
12.3 0.08550502456927855 0.23058344078293141 0.0828711076188591 0.18642487670258978 0.1580219807967196 18.4 0.7434064304703785
12.4 0.08550502456927855 0.23058344078293141 0.0828711076188591 0.18642487670258978 0.15373162761370326 18.3 0.7391160772873622
12.5 0.08550502456927855 0.23058344078293141 0.0828711076188591 0.18642487670258978 0.15373162761370326 18.3 0.7391160772873622
12.600000000000001 0.08550502456927855 0.23058344078293141 0.0828711076188591 0.18642487670258978 0.15373162761370326 18.3 0.7391160772873622
12.700000000000001 0.08550502456927855 0.23058344078293141 0.0828711076188591 0.18642487670258978 0.15373162761370326 18.3 0.7391160772873622
12.8 0.08550502456927855 0.23058344078293141 0.0828711076188591 0.18642487670258978 0.15373162761370326 18.3 0.7391160772873622
12.9 0.08550502456927855 0.23058344078293141 0.0828711076188591 0.18642487670258978 0.15373162761370326 18.3 0.7391160772873622
13.0 0.08550502456927855 0.23058344078293141 0.0828711076188591 0.18642487670258978 0.15373162761370326 18.3 0.7391160772873622
13.100000000000001 0.08550502456927855 0.23058344078293141 0.0828711076188591 0.18642487670258978 0.15373162761370326 18.3 0.7391160772873622
13.200000000000001 0.08550502456927855 0.23058344078293141 0.0828711076188591 0.18642487670258978 0.15373162761370326 18.3 0.7391160772873622
13.3 0.08550502456927855 0.23058344078293141 0.0828711076188591 0.18642487670258978 0.15373162761370326 18.3 0.7391160772873622
13.4 0.08550502456927855 0.23058344078293141 0.0828711076188591 0.18642487670258978 0.15373162761370326 18.3 0.7391160772873622
13.5 0.08550502456927855 0.23058344078293141 0.0828711076188591 0.18642487670258978 0.15373162761370326 18.3 0.7391160772873622
13.600000000000001 0.08550502456927855 0.23058344078293141 0.0828711076188591 0.18642487670258978 0.15373162761370326 18.3 0.7391160772873622
13.700000000000001 0.08550502456927855 0.23058344078293141 0.0828711076188591 0.18642487670258978 0.15373162761370326 18.3 0.7391160772873622
13.8 0.08550502456927855 0.23058344078293141 0.0828711076188591 0.18642487670258978 0.15373162761370326 18.3 0.7391160772873622
13.9 0.08550502456927855 0.23058344078293141 0.0828711076188591 0.18642487670258978 0.15373162761370326 18.3 0.7391160772873622
14.0 0.08550502456927855 0.23058344078293141 0.0828711076188591 0.18642487670258978 0.15373162761370326 18.3 0.7391160772873622
14.100000000000001 0.08550502456927855 0.23058344078293141 0.0828711076188591 0.18642487670258978 0.15373162761370326 18.3 0.7391160772873622
14.200000000000001 0.08550502456927855 0.23058344078293141 0.0828711076188591 0.18642487670258978 0.15373162761370326 18.3 0.7391160772873622
14.3 0.08550502456927855 0.23058344078293141 0.0828711076188591 0.18642487670258978 0.15373162761370326 18.3 0.7391160772873622
14.4 0.08550502456927855 0.23058344078293141 0.0828711076188591 0.18642487670258978 0.15373162761370326 18.3 0.7391160772873622
14.5 0.08550502456927855 0.23058344078293141 0.0828711076188591 0.18642487670258978 0.15373162761370326 18.3 0.7391160772873622
14.600000000000001 0.08550502456927855 0.23058344078293141 0.0828711076188591 0.18642487670258978 0.15373162761370326 18.3 0.7391160772873622
14.700000000000001 0.08550502456927855 0.23058344078293141 0.0828711076188591 0.18642487670258978 0.15373162761370326 18.3 0.7391160772873622
14.8 0.08550502456927855 0.22782364319175227 0.0828711076188591 0.18642487670258978 0.15373162761370326 18.2 0.7363562796961829
14.9 0.08550502456927855 0.2330222724044973 0.0828711076188591 0.18642487670258978 0.15373162761370326 18.3 0.7415549089089278
15.0 0.08550502456927855 0.2330222724044973 0.0828711076188591 0.18642487670258978 0.15373162761370326 18.3 0.7415549089089278
15.100000000000001 0.08550502456927855 0.2330222724044973 0.0828711076188591 0.18642487670258978 0.15373162761370326 18.3 0.7415549089089278
15.200000000000001 0.08550502456927855 0.2330222724044973 0.0828711076188591 0.18642487670258978 0.15373162761370326 18.3 0.7415549089089278
15.3 0.08550502456927855 0.2348918662301506 0.0828711076188591 0.18642487670258978 0.15373162761370326 18.4 0.7434245027345812
15.4 0.08550502456927855 0.2348918662301506 0.0828711076188591 0.18642487670258978 0.15373162761370326 18.4 0.7434245027345812
15.5 0.081884029441474 0.2348918662301506 0.0828711076188591 0.18642487670258978 0.15373162761370326 18.3 0.7398035076067767
15.600000000000001 0.081884029441474 0.2348918662301506 0.0828711076188591 0.18642487670258978 0.15373162761370326 18.3 0.7398035076067767
15.700000000000001 0.081884029441474 0.2348918662301506 0.0828711076188591 0.18642487670258978 0.15373162761370326 18.3 0.7398035076067767
15.8 0.081884029441474 0.2348918662301506 0.0828711076188591 0.18642487670258978 0.15373162761370326 18.3 0.7398035076067767
15.9 0.081884029441474 0.2348918662301506 0.0828711076188591 0.18642487670258978 0.15373162761370326 18.3 0.7398035076067767
16.0 0.081884029441474 0.2348918662301506 0.0828711076188591 0.18642487670258978 0.15373162761370326 18.3 0.7398035076067767
16.1 0.081884029441474 0.2348918662301506 0.0828711076188591 0.18642487670258978 0.15373162761370326 18.3 0.7398035076067767
16.2 0.081884029441474 0.2348918662301506 0.0828711076188591 0.18642487670258978 0.15373162761370326 18.3 0.7398035076067767
16.3 0.081884029441474 0.2348918662301506 0.0828711076188591 0.18642487670258978 0.15373162761370326 18.3 0.7398035076067767
16.400000000000002 0.081884029441474 0.2330222724044973 0.0828711076188591 0.18642487670258978 0.15373162761370326 18.2 0.7379339137811234
16.5 0.081884029441474 0.2330222724044973 0.0828711076188591 0.18642487670258978 0.15373162761370326 18.2 0.7379339137811234
16.6 0.081884029441474 0.2330222724044973 0.0828711076188591 0.18642487670258978 0.15373162761370326 18.2 0.7379339137811234
16.7 0.081884029441474 0.2330222724044973 0.0828711076188591 0.18642487670258978 0.15373162761370326 18.2 0.7379339137811234
16.8 0.081884029441474 0.2330222724044973 0.0828711076188591 0.18642487670258978 0.15373162761370326 18.2 0.7379339137811234
16.900000000000002 0.081884029441474 0.2330222724044973 0.0828711076188591 0.18642487670258978 0.15373162761370326 18.2 0.7379339137811234
17.0 0.081884029441474 0.2330222724044973 0.0828711076188591 0.18642487670258978 0.15373162761370326 18.2 0.7379339137811234
17.1 0.081884029441474 0.2330222724044973 0.0828711076188591 0.18642487670258978 0.15373162761370326 18.2 0.7379339137811234
17.2 0.081884029441474 0.2330222724044973 0.0828711076188591 0.18642487670258978 0.15373162761370326 18.2 0.7379339137811234
17.3 0.081884029441474 0.2297396266988961 0.0828711076188591 0.18642487670258978 0.15368162418580583 18.1 0.7346012646476247
17.400000000000002 0.081884029441474 0.2297396266988961 0.0828711076188591 0.18642487670258978 0.15368162418580583 18.1 0.7346012646476247
17.5 0.081884029441474 0.2297396266988961 0.0828711076188591 0.18642487670258978 0.15368162418580583 18.1 0.7346012646476247
17.6 0.081884029441474 0.2297396266988961 0.0828711076188591 0.18642487670258978 0.15368162418580583 18.1 0.7346012646476247
17.7 0.081884029441474 0.2297396266988961 0.0828711076188591 0.18642487670258978 0.15368162418580583 18.1 0.7346012646476247
17.8 0.081884029441474 0.2297396266988961 0.0828711076188591 0.18642487670258978 0.15368162418580583 18.1 0.7346012646476247
17.900000000000002 0.081884029441474 0.2297396266988961 0.0828711076188591 0.18642487670258978 0.15368162418580583 18.1 0.7346012646476247
18.0 0.081884029441474 0.2297396266988961 0.0828711076188591 0.18642487670258978 0.1515390952184288 18.0 0.7324587356802474
18.1 0.07790379474080902 0.2297396266988961 0.0828711076188591 0.18642487670258978 0.1515390952184288 17.9 0.7284785009795826
18.2 0.07790379474080902 0.2297396266988961 0.0828711076188591 0.1892144038491413 0.1515390952184288 18.0 0.7312680281261341
18.3 0.07790379474080902 0.2297396266988961 0.0828711076188591 0.1892144038491413 0.1515390952184288 18.0 0.7312680281261341
18.400000000000002 0.07790379474080902 0.2297396266988961 0.0828711076188591 0.1892144038491413 0.1515390952184288 18.0 0.7312680281261341
18.5 0.07790379474080902 0.2297396266988961 0.0828711076188591 0.1892144038491413 0.1515390952184288 18.0 0.7312680281261341
18.6 0.07790379474080902 0.2297396266988961 0.0828711076188591 0.1892144038491413 0.1515390952184288 18.0 0.7312680281261341
18.7 0.07790379474080902 0.2297396266988961 0.0828711076188591 0.1892144038491413 0.1515390952184288 18.0 0.7312680281261341
18.8 0.07790379474080902 0.2297396266988961 0.0828711076188591 0.1892144038491413 0.1515390952184288 18.0 0.7312680281261341
18.900000000000002 0.07790379474080902 0.2297396266988961 0.0828711076188591 0.1892144038491413 0.1515390952184288 18.0 0.7312680281261341
19.0 0.07790379474080902 0.2297396266988961 0.0828711076188591 0.1892144038491413 0.1487793603230729 17.9 0.7285082932307783
19.1 0.07790379474080902 0.2297396266988961 0.0828711076188591 0.1892144038491413 0.1487793603230729 17.9 0.7285082932307783
19.200000000000003 0.07790379474080902 0.2297396266988961 0.0828711076188591 0.1892144038491413 0.1487793603230729 17.9 0.7285082932307783
19.3 0.07790379474080902 0.2297396266988961 0.0828711076188591 0.1892144038491413 0.1487793603230729 17.9 0.7285082932307783
19.400000000000002 0.07790379474080902 0.2297396266988961 0.0828711076188591 0.1892144038491413 0.1487793603230729 17.9 0.7285082932307783
19.5 0.07790379474080902 0.2297396266988961 0.0828711076188591 0.1892144038491413 0.1487793603230729 17.9 0.7285082932307783
19.6 0.07790379474080902 0.2297396266988961 0.0828711076188591 0.1892144038491413 0.1487793603230729 17.9 0.7285082932307783
19.700000000000003 0.07790379474080902 0.2297396266988961 0.0828711076188591 0.1892144038491413 0.1487793603230729 17.9 0.7285082932307783
19.8 0.07790379474080902 0.2260668623195151 0.0828711076188591 0.1892144038491413 0.1487793603230729 17.8 0.7248355288513972
19.900000000000002 0.07790379474080902 0.2260668623195151 0.0828711076188591 0.1892144038491413 0.1487793603230729 17.8 0.7248355288513972
20.0 0.07790379474080902 0.2260668623195151 0.0828711076188591 0.1892144038491413 0.1487793603230729 17.8 0.7248355288513972
20.1 0.07790379474080902 0.2260668623195151 0.0828711076188591 0.1892144038491413 0.1487793603230729 17.8 0.7248355288513972
20.200000000000003 0.07790379474080902 0.2260668623195151 0.0828711076188591 0.1892144038491413 0.1487793603230729 17.8 0.7248355288513972
20.3 0.07790379474080902 0.22343955836733714 0.0828711076188591 0.1892144038491413 0.1487793603230729 17.7 0.7222082248992192
20.400000000000002 0.07790379474080902 0.22343955836733714 0.0828711076188591 0.1892144038491413 0.1487793603230729 17.7 0.7222082248992192
20.5 0.07790379474080902 0.22343955836733714 0.0828711076188591 0.1892144038491413 0.1487793603230729 17.7 0.7222082248992192
20.6 0.07790379474080902 0.22343955836733714 0.0828711076188591 0.1892144038491413 0.1487793603230729 17.7 0.7222082248992192
20.700000000000003 0.07790379474080902 0.22343955836733714 0.0828711076188591 0.1892144038491413 0.1487793603230729 17.7 0.7222082248992192
20.8 0.07790379474080902 0.22343955836733714 0.0828711076188591 0.1892144038491413 0.1487793603230729 17.7 0.7222082248992192
20.900000000000002 0.07790379474080902 0.22343955836733714 0.0828711076188591 0.1892144038491413 0.1487793603230729 17.7 0.7222082248992192
21.0 0.07790379474080902 0.22343955836733714 0.0828711076188591 0.1892144038491413 0.1487793603230729 17.7 0.7222082248992192
21.1 0.07790379474080902 0.22343955836733714 0.0828711076188591 0.1892144038491413 0.1487793603230729 17.7 0.7222082248992192
21.200000000000003 0.07790379474080902 0.22343955836733714 0.0828711076188591 0.1909560556074962 0.1487793603230729 17.8 0.7239498766575742
21.3 0.07790379474080902 0.22343955836733714 0.0828711076188591 0.1909560556074962 0.1487793603230729 17.8 0.7239498766575742
21.400000000000002 0.07790379474080902 0.22343955836733714 0.0828711076188591 0.1909560556074962 0.1487793603230729 17.8 0.7239498766575742
21.5 0.07790379474080902 0.22343955836733714 0.0828711076188591 0.1957629392337206 0.1487793603230729 18.0 0.7287567602837985
21.6 0.07790379474080902 0.22343955836733714 0.0828711076188591 0.1957629392337206 0.1487793603230729 18.0 0.7287567602837985
21.700000000000003 0.07790379474080902 0.22600476040244472 0.0828711076188591 0.1957629392337206 0.1487793603230729 18.1 0.7313219623189061
21.8 0.07790379474080902 0.22600476040244472 0.0828711076188591 0.1957629392337206 0.1487793603230729 18.1 0.7313219623189061
21.900000000000002 0.07790379474080902 0.22600476040244472 0.0828711076188591 0.1957629392337206 0.1487793603230729 18.1 0.7313219623189061
22.0 0.07790379474080902 0.22600476040244472 0.0828711076188591 0.19762737210045758 0.1487793603230729 18.2 0.7331863951856431
22.1 0.07790379474080902 0.22600476040244472 0.0828711076188591 0.19762737210045758 0.1487793603230729 18.2 0.7331863951856431
22.200000000000003 0.07790379474080902 0.22600476040244472 0.0828711076188591 0.19762737210045758 0.1487793603230729 18.2 0.7331863951856431
22.3 0.07790379474080902 0.22600476040244472 0.0828711076188591 0.19762737210045758 0.1487793603230729 18.2 0.7331863951856431
22.400000000000002 0.07790379474080902 0.22600476040244472 0.0828711076188591 0.19762737210045758 0.1487793603230729 18.2 0.7331863951856431
22.5 0.07790379474080902 0.22600476040244472 0.0828711076188591 0.19762737210045758 0.1487793603230729 18.2 0.7331863951856431
22.6 0.07790379474080902 0.22600476040244472 0.0828711076188591 0.19762737210045758 0.1487793603230729 18.2 0.7331863951856431
22.700000000000003 0.07790379474080902 0.22600476040244472 0.0828711076188591 0.19762737210045758 0.1487793603230729 18.2 0.7331863951856431
22.8 0.07790379474080902 0.22600476040244472 0.0828711076188591 0.19762737210045758 0.1487793603230729 18.2 0.7331863951856431
22.900000000000002 0.07790379474080902 0.22600476040244472 0.0828711076188591 0.19762737210045758 0.1487793603230729 18.2 0.7331863951856431
23.0 0.07790379474080902 0.22600476040244472 0.0828711076188591 0.19762737210045758 0.1487793603230729 18.2 0.7331863951856431
23.1 0.07790379474080902 0.22600476040244472 0.0828711076188591 0.19762737210045758 0.1487793603230729 18.2 0.7331863951856431
23.200000000000003 0.07790379474080902 0.22600476040244472 0.0828711076188591 0.19762737210045758 0.1487793603230729 18.2 0.7331863951856431
23.3 0.07790379474080902 0.22600476040244472 0.0828711076188591 0.19762737210045758 0.1487793603230729 18.2 0.7331863951856431
23.400000000000002 0.07790379474080902 0.22600476040244472 0.0828711076188591 0.19762737210045758 0.1487793603230729 18.2 0.7331863951856431
23.5 0.07790379474080902 0.22600476040244472 0.0828711076188591 0.19762737210045758 0.1487793603230729 18.2 0.7331863951856431
23.6 0.07790379474080902 0.22873161923476615 0.0828711076188591 0.19762737210045758 0.1487793603230729 18.3 0.7359132540179646
23.700000000000003 0.07790379474080902 0.22873161923476615 0.0828711076188591 0.19762737210045758 0.1487793603230729 18.3 0.7359132540179646
23.8 0.07790379474080902 0.22873161923476615 0.0828711076188591 0.19995688537254683 0.1487793603230729 18.4 0.7382427672900538
23.900000000000002 0.07790379474080902 0.22873161923476615 0.0828711076188591 0.2022297224148165 0.1487793603230729 18.5 0.7405156043323234
24.0 0.07790379474080902 0.22873161923476615 0.0828711076188591 0.2022297224148165 0.1487793603230729 18.5 0.7405156043323234
24.1 0.07790379474080902 0.22873161923476615 0.0828711076188591 0.2022297224148165 0.1487793603230729 18.5 0.7405156043323234
24.200000000000003 0.07790379474080902 0.22873161923476615 0.0828711076188591 0.20397891295711376 0.1487793603230729 18.6 0.7422647948746207
24.3 0.07790379474080902 0.22873161923476615 0.0828711076188591 0.20397891295711376 0.1487793603230729 18.6 0.7422647948746207
24.400000000000002 0.07790379474080902 0.22600476040244472 0.0828711076188591 0.20397891295711376 0.1487793603230729 18.5 0.7395379360422992
24.5 0.07790379474080902 0.22600476040244472 0.0828711076188591 0.20397891295711376 0.1487793603230729 18.5 0.7395379360422992
24.6 0.07790379474080902 0.22600476040244472 0.0828711076188591 0.2022297224148165 0.1487793603230729 18.4 0.737788745500002
24.700000000000003 0.07790379474080902 0.22600476040244472 0.0828711076188591 0.2022297224148165 0.1487793603230729 18.4 0.737788745500002
24.8 0.07790379474080902 0.22600476040244472 0.0828711076188591 0.2022297224148165 0.1487793603230729 18.4 0.737788745500002
24.900000000000002 0.07790379474080902 0.22822062024842826 0.0828711076188591 0.2022297224148165 0.1487793603230729 18.5 0.7400046053459854
25.0 0.07790379474080902 0.22600476040244472 0.0828711076188591 0.2022297224148165 0.1487793603230729 18.4 0.737788745500002
25.1 0.07790379474080902 0.22600476040244472 0.0828711076188591 0.20420891053289453 0.1487793603230729 18.5 0.73976793361808
25.200000000000003 0.07790379474080902 0.22600476040244472 0.0828711076188591 0.20420891053289453 0.1487793603230729 18.5 0.73976793361808
25.3 0.07790379474080902 0.22600476040244472 0.0828711076188591 0.20420891053289453 0.1487793603230729 18.5 0.73976793361808
25.400000000000002 0.07790379474080902 0.22600476040244472 0.0828711076188591 0.20420891053289453 0.1487793603230729 18.5 0.73976793361808
25.5 0.07790379474080902 0.22600476040244472 0.0828711076188591 0.20420891053289453 0.1487793603230729 18.5 0.73976793361808
25.6 0.07790379474080902 0.22600476040244472 0.0828711076188591 0.20420891053289453 0.1487793603230729 18.5 0.73976793361808
25.700000000000003 0.07790379474080902 0.22600476040244472 0.0828711076188591 0.20420891053289453 0.1487793603230729 18.5 0.73976793361808
25.8 0.07790379474080902 0.22600476040244472 0.0828711076188591 0.20420891053289453 0.1487793603230729 18.5 0.73976793361808
25.900000000000002 0.07790379474080902 0.22600476040244472 0.0828711076188591 0.20420891053289453 0.1487793603230729 18.5 0.73976793361808
26.0 0.07790379474080902 0.22600476040244472 0.0828711076188591 0.20420891053289453 0.1487793603230729 18.5 0.73976793361808
26.1 0.07790379474080902 0.22600476040244472 0.0828711076188591 0.20420891053289453 0.1487793603230729 18.5 0.73976793361808
26.200000000000003 0.07790379474080902 0.22600476040244472 0.0828711076188591 0.20420891053289453 0.1487793603230729 18.5 0.73976793361808
26.3 0.07790379474080902 0.22600476040244472 0.0828711076188591 0.20420891053289453 0.1487793603230729 18.5 0.73976793361808
26.400000000000002 0.07790379474080902 0.22600476040244472 0.0828711076188591 0.20420891053289453 0.1487793603230729 18.5 0.73976793361808
26.5 0.07790379474080902 0.22600476040244472 0.0828711076188591 0.20420891053289453 0.1487793603230729 18.5 0.73976793361808
26.6 0.07790379474080902 0.22600476040244472 0.0828711076188591 0.20420891053289453 0.1487793603230729 18.5 0.73976793361808
26.700000000000003 0.07790379474080902 0.22600476040244472 0.0828711076188591 0.20420891053289453 0.1487793603230729 18.5 0.73976793361808
26.8 0.07790379474080902 0.22600476040244472 0.0828711076188591 0.20420891053289453 0.14588883222831167 18.4 0.7368774055233186
26.900000000000002 0.07790379474080902 0.22600476040244472 0.0828711076188591 0.20420891053289453 0.14588883222831167 18.4 0.7368774055233186
27.0 0.07790379474080902 0.22600476040244472 0.0828711076188591 0.20420891053289453 0.14588883222831167 18.4 0.7368774055233186
27.1 0.07790379474080902 0.22600476040244472 0.0828711076188591 0.20420891053289453 0.14588883222831167 18.4 0.7368774055233186
27.200000000000003 0.07790379474080902 0.22394154432738528 0.0828711076188591 0.20420891053289453 0.14588883222831167 18.3 0.7348141894482592
27.3 0.07790379474080902 0.22394154432738528 0.0828711076188591 0.20420891053289453 0.14588883222831167 18.3 0.7348141894482592
27.400000000000002 0.07790379474080902 0.22394154432738528 0.0828711076188591 0.20420891053289453 0.14588883222831167 18.3 0.7348141894482592
27.5 0.07790379474080902 0.22394154432738528 0.0828711076188591 0.20420891053289453 0.14588883222831167 18.3 0.7348141894482592
27.6 0.07790379474080902 0.22394154432738528 0.0828711076188591 0.20420891053289453 0.14588883222831167 18.3 0.7348141894482592
27.700000000000003 0.07790379474080902 0.22394154432738528 0.0828711076188591 0.20420891053289453 0.14588883222831167 18.3 0.7348141894482592
27.8 0.07790379474080902 0.22394154432738528 0.0828711076188591 0.20420891053289453 0.14588883222831167 18.3 0.7348141894482592
27.900000000000002 0.07790379474080902 0.22394154432738528 0.0828711076188591 0.20626696007288486 0.14588883222831167 18.4 0.7368722389882495
28.0 0.07790379474080902 0.22394154432738528 0.0828711076188591 0.20626696007288486 0.14588883222831167 18.4 0.7368722389882495
28.1 0.07790379474080902 0.22394154432738528 0.0828711076188591 0.20626696007288486 0.14588883222831167 18.4 0.7368722389882495
28.200000000000003 0.07790379474080902 0.22394154432738528 0.0828711076188591 0.20626696007288486 0.1414496716514815 18.3 0.7324330784114192
28.3 0.07790379474080902 0.22394154432738528 0.0828711076188591 0.2085208330636963 0.1414496716514815 18.4 0.7346869514022307
28.400000000000002 0.07790379474080902 0.22394154432738528 0.0828711076188591 0.2085208330636963 0.1414496716514815 18.4 0.7346869514022307
28.5 0.07790379474080902 0.22394154432738528 0.0828711076188591 0.2085208330636963 0.1414496716514815 18.4 0.7346869514022307
28.6 0.07790379474080902 0.22394154432738528 0.0828711076188591 0.2085208330636963 0.1414496716514815 18.4 0.7346869514022307
28.700000000000003 0.07790379474080902 0.22394154432738528 0.0828711076188591 0.2085208330636963 0.1414496716514815 18.4 0.7346869514022307
28.8 0.07790379474080902 0.22394154432738528 0.0828711076188591 0.2085208330636963 0.1414496716514815 18.4 0.7346869514022307
28.900000000000002 0.07790379474080902 0.22394154432738528 0.0828711076188591 0.2085208330636963 0.1414496716514815 18.4 0.7346869514022307
29.0 0.07790379474080902 0.22394154432738528 0.0828711076188591 0.2085208330636963 0.1414496716514815 18.4 0.7346869514022307
29.1 0.07790379474080902 0.22394154432738528 0.0828711076188591 0.2085208330636963 0.1414496716514815 18.4 0.7346869514022307
29.200000000000003 0.07790379474080902 0.22394154432738528 0.0828711076188591 0.2085208330636963 0.1414496716514815 18.4 0.7346869514022307
29.3 0.07790379474080902 0.22394154432738528 0.0828711076188591 0.20677918130534137 0.14397522191797554 18.4 0.7354708499103699
29.400000000000002 0.07790379474080902 0.22394154432738528 0.0828711076188591 0.20677918130534137 0.14397522191797554 18.4 0.7354708499103699
29.5 0.07790379474080902 0.22394154432738528 0.0828711076188591 0.20677918130534137 0.14397522191797554 18.4 0.7354708499103699
29.6 0.07790379474080902 0.22394154432738528 0.0828711076188591 0.20677918130534137 0.14397522191797554 18.4 0.7354708499103699
29.700000000000003 0.07790379474080902 0.22394154432738528 0.0828711076188591 0.2044496680332521 0.14397522191797554 18.3 0.7331413366382806
29.8 0.07790379474080902 0.22577997555443993 0.0828711076188591 0.2044496680332521 0.1419852674514444 18.3 0.7329898133988042
29.900000000000002 0.07790379474080902 0.22577997555443993 0.0828711076188591 0.2044496680332521 0.1419852674514444 18.3 0.7329898133988042
30.0 0.07790379474080902 0.22577997555443993 0.0828711076188591 0.2044496680332521 0.1419852674514444 18.3 0.7329898133988042
30.1 0.07790379474080902 0.22577997555443993 0.0828711076188591 0.2044496680332521 0.1419852674514444 18.3 0.7329898133988042
30.200000000000003 0.07790379474080902 0.22577997555443993 0.0828711076188591 0.2044496680332521 0.1419852674514444 18.3 0.7329898133988042
30.3 0.07790379474080902 0.22577997555443993 0.0828711076188591 0.2075544733067339 0.1419852674514444 18.4 0.7360946186722861
30.400000000000002 0.07790379474080902 0.22577997555443993 0.0828711076188591 0.20983386538365134 0.1419852674514444 18.5 0.7383740107492035
30.5 0.07790379474080902 0.22577997555443993 0.0828711076188591 0.20983386538365134 0.1419852674514444 18.5 0.7383740107492035
30.6 0.07790379474080902 0.22577997555443993 0.0828711076188591 0.20983386538365134 0.1419852674514444 18.5 0.7383740107492035
30.700000000000003 0.07790379474080902 0.22577997555443993 0.0828711076188591 0.20983386538365134 0.1419852674514444 18.5 0.7383740107492035
30.8 0.07790379474080902 0.22577997555443993 0.0828711076188591 0.20983386538365134 0.1419852674514444 18.5 0.7383740107492035
30.900000000000002 0.07790379474080902 0.22577997555443993 0.0828711076188591 0.20983386538365134 0.1419852674514444 18.5 0.7383740107492035
31.0 0.07790379474080902 0.22577997555443993 0.0828711076188591 0.20983386538365134 0.1419852674514444 18.5 0.7383740107492035
31.1 0.07790379474080902 0.22577997555443993 0.0828711076188591 0.20983386538365134 0.1419852674514444 18.5 0.7383740107492035
31.200000000000003 0.07790379474080902 0.22577997555443993 0.0828711076188591 0.20983386538365134 0.1419852674514444 18.5 0.7383740107492035
31.3 0.07790379474080902 0.22577997555443993 0.0828711076188591 0.20983386538365134 0.1419852674514444 18.5 0.7383740107492035
31.400000000000002 0.07790379474080902 0.22577997555443993 0.0828711076188591 0.20983386538365134 0.1419852674514444 18.5 0.7383740107492035
31.5 0.07790379474080902 0.22577997555443993 0.0828711076188591 0.20983386538365134 0.1419852674514444 18.5 0.7383740107492035
31.6 0.07790379474080902 0.22577997555443993 0.0828711076188591 0.20983386538365134 0.1419852674514444 18.5 0.7383740107492035
31.700000000000003 0.07790379474080902 0.22577997555443993 0.0828711076188591 0.20983386538365134 0.1419852674514444 18.5 0.7383740107492035
31.8 0.07790379474080902 0.22577997555443993 0.0828711076188591 0.20983386538365134 0.1419852674514444 18.5 0.7383740107492035
31.900000000000002 0.07790379474080902 0.22577997555443993 0.0828711076188591 0.20983386538365134 0.1419852674514444 18.5 0.7383740107492035
32.0 0.07790379474080902 0.22577997555443993 0.0828711076188591 0.20983386538365134 0.1419852674514444 18.5 0.7383740107492035
32.1 0.07790379474080902 0.22863898967485033 0.0828711076188591 0.20983386538365134 0.1419852674514444 18.6 0.741233024869614
32.2 0.07790379474080902 0.22863898967485033 0.0828711076188591 0.20983386538365134 0.1419852674514444 18.6 0.741233024869614
32.300000000000004 0.07790379474080902 0.22863898967485033 0.0828711076188591 0.20983386538365134 0.1419852674514444 18.6 0.741233024869614
32.4 0.07790379474080902 0.22863898967485033 0.0828711076188591 0.20983386538365134 0.1419852674514444 18.6 0.741233024869614
32.5 0.07790379474080902 0.22863898967485033 0.0828711076188591 0.20983386538365134 0.1419852674514444 18.6 0.741233024869614
32.6 0.07790379474080902 0.22863898967485033 0.0828711076188591 0.20983386538365134 0.1419852674514444 18.6 0.741233024869614
32.7 0.07790379474080902 0.22863898967485033 0.0828711076188591 0.20983386538365134 0.1419852674514444 18.6 0.741233024869614
32.800000000000004 0.07790379474080902 0.22863898967485033 0.0828711076188591 0.20983386538365134 0.1419852674514444 18.6 0.741233024869614
32.9 0.07790379474080902 0.22863898967485033 0.0828711076188591 0.20983386538365134 0.1419852674514444 18.6 0.741233024869614
33.0 0.07790379474080902 0.22863898967485033 0.0828711076188591 0.20983386538365134 0.1419852674514444 18.6 0.741233024869614
33.1 0.07790379474080902 0.22863898967485033 0.0828711076188591 0.20983386538365134 0.1419852674514444 18.6 0.741233024869614
33.2 0.07790379474080902 0.22863898967485033 0.0828711076188591 0.20983386538365134 0.1419852674514444 18.6 0.741233024869614
33.300000000000004 0.07790379474080902 0.22863898967485033 0.0828711076188591 0.20983386538365134 0.1419852674514444 18.6 0.741233024869614
33.4 0.07790379474080902 0.22863898967485033 0.0828711076188591 0.20983386538365134 0.1419852674514444 18.6 0.741233024869614
33.5 0.07790379474080902 0.22863898967485033 0.0828711076188591 0.20983386538365134 0.1419852674514444 18.6 0.741233024869614
33.6 0.07790379474080902 0.22863898967485033 0.0828711076188591 0.20983386538365134 0.1419852674514444 18.6 0.741233024869614
33.7 0.07790379474080902 0.22863898967485033 0.0828711076188591 0.20672906011016953 0.1419852674514444 18.5 0.7381282195961321
33.800000000000004 0.07790379474080902 0.22863898967485033 0.0828711076188591 0.20672906011016953 0.1419852674514444 18.5 0.7381282195961321
33.9 0.07790379474080902 0.22863898967485033 0.0828711076188591 0.20672906011016953 0.1419852674514444 18.5 0.7381282195961321
34.0 0.07790379474080902 0.22863898967485033 0.0828711076188591 0.20672906011016953 0.1419852674514444 18.5 0.7381282195961321
34.1 0.07790379474080902 0.22863898967485033 0.0828711076188591 0.20672906011016953 0.1419852674514444 18.5 0.7381282195961321
34.2 0.07790379474080902 0.22863898967485033 0.0828711076188591 0.20672906011016953 0.1419852674514444 18.5 0.7381282195961321
34.300000000000004 0.07790379474080902 0.22863898967485033 0.0828711076188591 0.20672906011016953 0.1419852674514444 18.5 0.7381282195961321
34.4 0.07790379474080902 0.22863898967485033 0.0828711076188591 0.20672906011016953 0.1419852674514444 18.5 0.7381282195961321
34.5 0.07790379474080902 0.22863898967485033 0.0828711076188591 0.20672906011016953 0.1419852674514444 18.5 0.7381282195961321
34.6 0.07790379474080902 0.22863898967485033 0.0828711076188591 0.20672906011016953 0.1419852674514444 18.5 0.7381282195961321
34.7 0.07790379474080902 0.22863898967485033 0.0828711076188591 0.20672906011016953 0.1419852674514444 18.5 0.7381282195961321
34.800000000000004 0.07790379474080902 0.22863898967485033 0.0828711076188591 0.20672906011016953 0.1419852674514444 18.5 0.7381282195961321
34.9 0.07790379474080902 0.22863898967485033 0.0828711076188591 0.20672906011016953 0.1419852674514444 18.5 0.7381282195961321
35.0 0.07790379474080902 0.22863898967485033 0.0828711076188591 0.20672906011016953 0.1419852674514444 18.5 0.7381282195961321
35.1 0.07790379474080902 0.22863898967485033 0.0828711076188591 0.20672906011016953 0.1419852674514444 18.5 0.7381282195961321
35.2 0.07790379474080902 0.22863898967485033 0.0828711076188591 0.20672906011016953 0.1419852674514444 18.5 0.7381282195961321
35.300000000000004 0.07790379474080902 0.22863898967485033 0.0828711076188591 0.20672906011016953 0.1419852674514444 18.5 0.7381282195961321
35.4 0.07790379474080902 0.22863898967485033 0.0828711076188591 0.20672906011016953 0.1419852674514444 18.5 0.7381282195961321
35.5 0.07790379474080902 0.22863898967485033 0.0828711076188591 0.20672906011016953 0.1419852674514444 18.5 0.7381282195961321
35.6 0.07790379474080902 0.22863898967485033 0.0828711076188591 0.20672906011016953 0.1419852674514444 18.5 0.7381282195961321
35.7 0.07790379474080902 0.22863898967485033 0.0828711076188591 0.20672906011016953 0.1419852674514444 18.5 0.7381282195961321
35.800000000000004 0.07790379474080902 0.22863898967485033 0.0828711076188591 0.20672906011016953 0.1419852674514444 18.5 0.7381282195961321
35.9 0.07790379474080902 0.22863898967485033 0.0828711076188591 0.20672906011016953 0.1419852674514444 18.5 0.7381282195961321
36.0 0.07790379474080902 0.22863898967485033 0.0828711076188591 0.20672906011016953 0.1419852674514444 18.5 0.7381282195961321
36.1 0.07790379474080902 0.22863898967485033 0.0828711076188591 0.20672906011016953 0.1419852674514444 18.5 0.7381282195961321
36.2 0.07790379474080902 0.2267700679581829 0.0828711076188591 0.20672906011016953 0.1419852674514444 18.4 0.7362592978794646
36.300000000000004 0.07790379474080902 0.2267700679581829 0.0828711076188591 0.20672906011016953 0.1419852674514444 18.4 0.7362592978794646
36.4 0.07790379474080902 0.2267700679581829 0.0828711076188591 0.20672906011016953 0.1419852674514444 18.4 0.7362592978794646
36.5 0.07790379474080902 0.2267700679581829 0.0828711076188591 0.20672906011016953 0.1419852674514444 18.4 0.7362592978794646
36.6 0.07790379474080902 0.2267700679581829 0.0828711076188591 0.20672906011016953 0.1419852674514444 18.4 0.7362592978794646
36.7 0.07790379474080902 0.2267700679581829 0.0828711076188591 0.20672906011016953 0.1419852674514444 18.4 0.7362592978794646
36.800000000000004 0.07790379474080902 0.2267700679581829 0.0828711076188591 0.20672906011016953 0.1419852674514444 18.4 0.7362592978794646
36.9 0.07790379474080902 0.2267700679581829 0.0828711076188591 0.20672906011016953 0.1419852674514444 18.4 0.7362592978794646
37.0 0.07790379474080902 0.2267700679581829 0.0828711076188591 0.20672906011016953 0.1419852674514444 18.4 0.7362592978794646
37.1 0.07790379474080902 0.2267700679581829 0.0828711076188591 0.20672906011016953 0.1419852674514444 18.4 0.7362592978794646
37.2 0.07790379474080902 0.2267700679581829 0.0828711076188591 0.20672906011016953 0.1419852674514444 18.4 0.7362592978794646
37.300000000000004 0.07790379474080902 0.2267700679581829 0.0828711076188591 0.20672906011016953 0.1419852674514444 18.4 0.7362592978794646
37.4 0.07790379474080902 0.2267700679581829 0.0828711076188591 0.20672906011016953 0.1419852674514444 18.4 0.7362592978794646
37.5 0.07790379474080902 0.2267700679581829 0.0828711076188591 0.20672906011016953 0.1419852674514444 18.4 0.7362592978794646
37.6 0.07790379474080902 0.2267700679581829 0.0828711076188591 0.20672906011016953 0.1419852674514444 18.4 0.7362592978794646
37.7 0.07790379474080902 0.2267700679581829 0.0828711076188591 0.20672906011016953 0.1419852674514444 18.4 0.7362592978794646
37.800000000000004 0.07790379474080902 0.2267700679581829 0.0828711076188591 0.20672906011016953 0.1419852674514444 18.4 0.7362592978794646
37.9 0.07790379474080902 0.22886852197846216 0.0828711076188591 0.20672906011016953 0.1419852674514444 18.5 0.7383577518997438
38.0 0.07790379474080902 0.22886852197846216 0.0828711076188591 0.20672906011016953 0.1419852674514444 18.5 0.7383577518997438
38.1 0.07790379474080902 0.2267700679581829 0.0828711076188591 0.20672906011016953 0.1419852674514444 18.4 0.7362592978794646
38.2 0.07790379474080902 0.2267700679581829 0.0828711076188591 0.20672906011016953 0.1419852674514444 18.4 0.7362592978794646
38.300000000000004 0.07790379474080902 0.2267700679581829 0.0828711076188591 0.20672906011016953 0.1419852674514444 18.4 0.7362592978794646
38.400000000000006 0.07790379474080902 0.2267700679581829 0.0828711076188591 0.20672906011016953 0.1419852674514444 18.4 0.7362592978794646
38.5 0.07790379474080902 0.2267700679581829 0.0828711076188591 0.20672906011016953 0.1419852674514444 18.4 0.7362592978794646
38.6 0.07790379474080902 0.2267700679581829 0.0828711076188591 0.20672906011016953 0.1419852674514444 18.4 0.7362592978794646
38.7 0.07790379474080902 0.2267700679581829 0.0828711076188591 0.20672906011016953 0.1419852674514444 18.4 0.7362592978794646
38.800000000000004 0.07790379474080902 0.2267700679581829 0.0828711076188591 0.20672906011016953 0.1419852674514444 18.4 0.7362592978794646
38.900000000000006 0.07790379474080902 0.2267700679581829 0.0828711076188591 0.20672906011016953 0.1419852674514444 18.4 0.7362592978794646
39.0 0.07790379474080902 0.22955026916296237 0.0828711076188591 0.20672906011016953 0.1419852674514444 18.5 0.739039499084244
39.1 0.07790379474080902 0.22955026916296237 0.0828711076188591 0.20672906011016953 0.1419852674514444 18.5 0.739039499084244
39.2 0.07790379474080902 0.22955026916296237 0.0828711076188591 0.20672906011016953 0.1419852674514444 18.5 0.739039499084244
39.300000000000004 0.07790379474080902 0.22955026916296237 0.0828711076188591 0.20672906011016953 0.1419852674514444 18.5 0.739039499084244
39.400000000000006 0.07790379474080902 0.22955026916296237 0.0828711076188591 0.20672906011016953 0.1419852674514444 18.5 0.739039499084244
39.5 0.07790379474080902 0.22955026916296237 0.0828711076188591 0.20672906011016953 0.1419852674514444 18.5 0.739039499084244
39.6 0.07790379474080902 0.22955026916296237 0.0828711076188591 0.20672906011016953 0.1419852674514444 18.5 0.739039499084244
39.7 0.07790379474080902 0.22955026916296237 0.0828711076188591 0.20672906011016953 0.1419852674514444 18.5 0.739039499084244
39.800000000000004 0.07790379474080902 0.22955026916296237 0.0828711076188591 0.20672906011016953 0.1419852674514444 18.5 0.739039499084244
39.900000000000006 0.07790379474080902 0.23199581059244984 0.0828711076188591 0.20672906011016953 0.1419852674514444 18.6 0.7414850405137315
40.0 0.07790379474080902 0.22955026916296237 0.0828711076188591 0.20672906011016953 0.1419852674514444 18.5 0.739039499084244
40.1 0.07790379474080902 0.22955026916296237 0.0828711076188591 0.20672906011016953 0.1419852674514444 18.5 0.739039499084244
40.2 0.07790379474080902 0.22955026916296237 0.0828711076188591 0.20672906011016953 0.1419852674514444 18.5 0.739039499084244
40.300000000000004 0.07790379474080902 0.22955026916296237 0.0828711076188591 0.20672906011016953 0.1419852674514444 18.5 0.739039499084244
40.400000000000006 0.07790379474080902 0.22955026916296237 0.0828711076188591 0.20672906011016953 0.1419852674514444 18.5 0.739039499084244
40.5 0.07790379474080902 0.22955026916296237 0.0828711076188591 0.20672906011016953 0.1419852674514444 18.5 0.739039499084244
40.6 0.07790379474080902 0.22955026916296237 0.0828711076188591 0.20672906011016953 0.1419852674514444 18.5 0.739039499084244
40.7 0.07790379474080902 0.22955026916296237 0.0828711076188591 0.20672906011016953 0.1419852674514444 18.5 0.739039499084244
40.800000000000004 0.07790379474080902 0.22955026916296237 0.0828711076188591 0.20672906011016953 0.1419852674514444 18.5 0.739039499084244
40.900000000000006 0.07790379474080902 0.22955026916296237 0.0828711076188591 0.20672906011016953 0.1419852674514444 18.5 0.739039499084244
41.0 0.07790379474080902 0.22955026916296237 0.0828711076188591 0.20672906011016953 0.1419852674514444 18.5 0.739039499084244
41.1 0.07790379474080902 0.22955026916296237 0.0828711076188591 0.20672906011016953 0.1419852674514444 18.5 0.739039499084244
41.2 0.07790379474080902 0.22955026916296237 0.0828711076188591 0.20672906011016953 0.1419852674514444 18.5 0.739039499084244
41.300000000000004 0.07790379474080902 0.22955026916296237 0.0828711076188591 0.20672906011016953 0.1419852674514444 18.5 0.739039499084244
41.400000000000006 0.07790379474080902 0.22955026916296237 0.0828711076188591 0.20672906011016953 0.1419852674514444 18.5 0.739039499084244
41.5 0.07790379474080902 0.22955026916296237 0.0828711076188591 0.20672906011016953 0.1419852674514444 18.5 0.739039499084244
41.6 0.07790379474080902 0.22955026916296237 0.0828711076188591 0.20672906011016953 0.1419852674514444 18.5 0.739039499084244
41.7 0.07790379474080902 0.22955026916296237 0.0828711076188591 0.20672906011016953 0.1419852674514444 18.5 0.739039499084244
41.800000000000004 0.07790379474080902 0.22955026916296237 0.0828711076188591 0.20672906011016953 0.1419852674514444 18.5 0.739039499084244
41.900000000000006 0.07790379474080902 0.22955026916296237 0.0828711076188591 0.20672906011016953 0.1419852674514444 18.5 0.739039499084244
42.0 0.07790379474080902 0.22955026916296237 0.0828711076188591 0.20672906011016953 0.1419852674514444 18.5 0.739039499084244
42.1 0.07790379474080902 0.22955026916296237 0.0828711076188591 0.20672906011016953 0.1419852674514444 18.5 0.739039499084244
42.2 0.07790379474080902 0.22955026916296237 0.0828711076188591 0.20672906011016953 0.1419852674514444 18.5 0.739039499084244
42.300000000000004 0.07790379474080902 0.22955026916296237 0.0828711076188591 0.20672906011016953 0.1419852674514444 18.5 0.739039499084244
42.400000000000006 0.07790379474080902 0.22955026916296237 0.0828711076188591 0.20672906011016953 0.1419852674514444 18.5 0.739039499084244
42.5 0.07790379474080902 0.22955026916296237 0.0828711076188591 0.20672906011016953 0.1419852674514444 18.5 0.739039499084244
42.6 0.07790379474080902 0.22955026916296237 0.0828711076188591 0.20672906011016953 0.1419852674514444 18.5 0.739039499084244
42.7 0.07790379474080902 0.22955026916296237 0.0828711076188591 0.20672906011016953 0.1419852674514444 18.5 0.739039499084244
42.800000000000004 0.07790379474080902 0.22955026916296237 0.0828711076188591 0.20672906011016953 0.1419852674514444 18.5 0.739039499084244
42.900000000000006 0.07790379474080902 0.22955026916296237 0.0828711076188591 0.20672906011016953 0.1419852674514444 18.5 0.739039499084244
43.0 0.07790379474080902 0.22955026916296237 0.0828711076188591 0.20672906011016953 0.1419852674514444 18.5 0.739039499084244
43.1 0.07790379474080902 0.22955026916296237 0.0828711076188591 0.20672906011016953 0.1419852674514444 18.5 0.739039499084244
43.2 0.07790379474080902 0.22955026916296237 0.0828711076188591 0.20672906011016953 0.14579017263609825 18.7 0.742844404268898
43.300000000000004 0.07790379474080902 0.22955026916296237 0.0828711076188591 0.20672906011016953 0.1438889280607624 18.6 0.7409431596935621
43.400000000000006 0.07790379474080902 0.22955026916296237 0.0828711076188591 0.20672906011016953 0.1438889280607624 18.6 0.7409431596935621
43.5 0.07790379474080902 0.22955026916296237 0.0828711076188591 0.20672906011016953 0.1419852674514444 18.5 0.739039499084244
43.6 0.07790379474080902 0.22955026916296237 0.0828711076188591 0.20672906011016953 0.1419852674514444 18.5 0.739039499084244
43.7 0.07790379474080902 0.22955026916296237 0.0828711076188591 0.20672906011016953 0.1419852674514444 18.5 0.739039499084244
43.800000000000004 0.07790379474080902 0.22955026916296237 0.0828711076188591 0.20672906011016953 0.1419852674514444 18.5 0.739039499084244
43.900000000000006 0.07790379474080902 0.22955026916296237 0.0828711076188591 0.20672906011016953 0.1419852674514444 18.5 0.739039499084244
44.0 0.07790379474080902 0.22955026916296237 0.0828711076188591 0.20672906011016953 0.1419852674514444 18.5 0.739039499084244
44.1 0.07790379474080902 0.22955026916296237 0.0828711076188591 0.20672906011016953 0.1419852674514444 18.5 0.739039499084244
44.2 0.07790379474080902 0.22955026916296237 0.0828711076188591 0.20672906011016953 0.1419852674514444 18.5 0.739039499084244
44.300000000000004 0.07790379474080902 0.22955026916296237 0.0828711076188591 0.20672906011016953 0.1419852674514444 18.5 0.739039499084244
44.400000000000006 0.07790379474080902 0.22955026916296237 0.0828711076188591 0.20672906011016953 0.1419852674514444 18.5 0.739039499084244
44.5 0.07790379474080902 0.22955026916296237 0.0828711076188591 0.20672906011016953 0.1419852674514444 18.5 0.739039499084244
44.6 0.07790379474080902 0.22955026916296237 0.0828711076188591 0.20672906011016953 0.1419852674514444 18.5 0.739039499084244
44.7 0.07790379474080902 0.22955026916296237 0.0828711076188591 0.20672906011016953 0.1419852674514444 18.5 0.739039499084244
44.800000000000004 0.07790379474080902 0.22955026916296237 0.0828711076188591 0.20672906011016953 0.1419852674514444 18.5 0.739039499084244
44.900000000000006 0.07790379474080902 0.22955026916296237 0.0828711076188591 0.20672906011016953 0.1419852674514444 18.5 0.739039499084244
45.0 0.07790379474080902 0.22955026916296237 0.0828711076188591 0.20672906011016953 0.1419852674514444 18.5 0.739039499084244
45.1 0.07790379474080902 0.22955026916296237 0.0828711076188591 0.20672906011016953 0.1419852674514444 18.5 0.739039499084244
45.2 0.07790379474080902 0.22955026916296237 0.0828711076188591 0.20672906011016953 0.1419852674514444 18.5 0.739039499084244
45.300000000000004 0.07790379474080902 0.22955026916296237 0.0828711076188591 0.20672906011016953 0.1419852674514444 18.5 0.739039499084244
45.400000000000006 0.07790379474080902 0.22955026916296237 0.0828711076188591 0.20672906011016953 0.1419852674514444 18.5 0.739039499084244
45.5 0.07790379474080902 0.22955026916296237 0.0828711076188591 0.20672906011016953 0.1419852674514444 18.5 0.739039499084244
45.6 0.07790379474080902 0.22955026916296237 0.0828711076188591 0.20672906011016953 0.1419852674514444 18.5 0.739039499084244
45.7 0.07790379474080902 0.22955026916296237 0.0828711076188591 0.20672906011016953 0.1419852674514444 18.5 0.739039499084244
45.800000000000004 0.07790379474080902 0.22955026916296237 0.0828711076188591 0.20672906011016953 0.1419852674514444 18.5 0.739039499084244
45.900000000000006 0.07790379474080902 0.22955026916296237 0.0828711076188591 0.20672906011016953 0.1419852674514444 18.5 0.739039499084244
46.0 0.07790379474080902 0.22955026916296237 0.0828711076188591 0.20672906011016953 0.1419852674514444 18.5 0.739039499084244
46.1 0.07790379474080902 0.22955026916296237 0.0828711076188591 0.20672906011016953 0.1419852674514444 18.5 0.739039499084244
46.2 0.07790379474080902 0.22955026916296237 0.0828711076188591 0.20672906011016953 0.1419852674514444 18.5 0.739039499084244
46.300000000000004 0.07790379474080902 0.22955026916296237 0.0828711076188591 0.20672906011016953 0.1419852674514444 18.5 0.739039499084244
46.400000000000006 0.07790379474080902 0.22955026916296237 0.0828711076188591 0.20672906011016953 0.1419852674514444 18.5 0.739039499084244
46.5 0.07790379474080902 0.22955026916296237 0.0828711076188591 0.20672906011016953 0.1419852674514444 18.5 0.739039499084244
46.6 0.07790379474080902 0.22955026916296237 0.0828711076188591 0.20672906011016953 0.13945971718495037 18.4 0.73651394881775
46.7 0.07790379474080902 0.22955026916296237 0.0828711076188591 0.20672906011016953 0.13945971718495037 18.4 0.73651394881775
46.800000000000004 0.07790379474080902 0.22955026916296237 0.0828711076188591 0.20672906011016953 0.13945971718495037 18.4 0.73651394881775
46.900000000000006 0.07332750684748372 0.23186305139738644 0.0828711076188591 0.20672906011016953 0.13945971718495037 18.4 0.7342504431588488
47.0 0.07332750684748372 0.23186305139738644 0.0828711076188591 0.20672906011016953 0.13945971718495037 18.4 0.7342504431588488
47.1 0.07332750684748372 0.23186305139738644 0.0828711076188591 0.20672906011016953 0.13945971718495037 18.4 0.7342504431588488
47.2 0.07332750684748372 0.23186305139738644 0.0828711076188591 0.20672906011016953 0.13945971718495037 18.4 0.7342504431588488
47.300000000000004 0.07332750684748372 0.23186305139738644 0.0828711076188591 0.20672906011016953 0.13945971718495037 18.4 0.7342504431588488
47.400000000000006 0.07332750684748372 0.23186305139738644 0.0828711076188591 0.20672906011016953 0.13945971718495037 18.4 0.7342504431588488
47.5 0.07332750684748372 0.23186305139738644 0.0828711076188591 0.20672906011016953 0.13945971718495037 18.4 0.7342504431588488
47.6 0.07332750684748372 0.23186305139738644 0.0828711076188591 0.20672906011016953 0.13945971718495037 18.4 0.7342504431588488
47.7 0.07332750684748372 0.23186305139738644 0.0828711076188591 0.20672906011016953 0.13945971718495037 18.4 0.7342504431588488
47.800000000000004 0.07332750684748372 0.23186305139738644 0.0828711076188591 0.20672906011016953 0.13945971718495037 18.4 0.7342504431588488
47.900000000000006 0.07332750684748372 0.23186305139738644 0.0828711076188591 0.20672906011016953 0.13945971718495037 18.4 0.7342504431588488
48.0 0.07332750684748372 0.23186305139738644 0.0828711076188591 0.20672906011016953 0.13945971718495037 18.4 0.7342504431588488
48.1 0.07332750684748372 0.23186305139738644 0.0828711076188591 0.20672906011016953 0.13945971718495037 18.4 0.7342504431588488
48.2 0.07332750684748372 0.23186305139738644 0.0828711076188591 0.20672906011016953 0.13945971718495037 18.4 0.7342504431588488
48.300000000000004 0.07332750684748372 0.23186305139738644 0.0828711076188591 0.20672906011016953 0.13945971718495037 18.4 0.7342504431588488
48.400000000000006 0.07332750684748372 0.23186305139738644 0.0828711076188591 0.20672906011016953 0.13945971718495037 18.4 0.7342504431588488
48.5 0.07332750684748372 0.23186305139738644 0.0828711076188591 0.20672906011016953 0.13945971718495037 18.4 0.7342504431588488
48.6 0.07332750684748372 0.23186305139738644 0.0828711076188591 0.20672906011016953 0.13945971718495037 18.4 0.7342504431588488
48.7 0.07332750684748372 0.23186305139738644 0.0828711076188591 0.20672906011016953 0.13945971718495037 18.4 0.7342504431588488
48.800000000000004 0.07332750684748372 0.23186305139738644 0.0828711076188591 0.20672906011016953 0.13945971718495037 18.4 0.7342504431588488
48.900000000000006 0.07332750684748372 0.23186305139738644 0.0828711076188591 0.20672906011016953 0.13945971718495037 18.4 0.7342504431588488
49.0 0.07332750684748372 0.23186305139738644 0.0828711076188591 0.20672906011016953 0.13945971718495037 18.4 0.7342504431588488
49.1 0.07332750684748372 0.23186305139738644 0.0828711076188591 0.20672906011016953 0.13945971718495037 18.4 0.7342504431588488
49.2 0.07332750684748372 0.23186305139738644 0.0828711076188591 0.2085945321138154 0.13945971718495037 18.5 0.7361159151624946
49.300000000000004 0.07332750684748372 0.23186305139738644 0.0828711076188591 0.2085945321138154 0.13945971718495037 18.5 0.7361159151624946
49.400000000000006 0.07332750684748372 0.23186305139738644 0.0828711076188591 0.2085945321138154 0.13945971718495037 18.5 0.7361159151624946
49.5 0.07332750684748372 0.23186305139738644 0.0828711076188591 0.2085945321138154 0.13945971718495037 18.5 0.7361159151624946
49.6 0.07332750684748372 0.23186305139738644 0.0828711076188591 0.2085945321138154 0.13945971718495037 18.5 0.7361159151624946
49.7 0.07332750684748372 0.23186305139738644 0.0828711076188591 0.2085945321138154 0.14216739461395062 18.6 0.7388235925914949
49.800000000000004 0.07332750684748372 0.23186305139738644 0.0828711076188591 0.2085945321138154 0.14216739461395062 18.6 0.7388235925914949
49.900000000000006 0.07332750684748372 0.23186305139738644 0.0828711076188591 0.2085945321138154 0.14216739461395062 18.6 0.7388235925914949
50.0 0.07332750684748372 0.23186305139738644 0.0828711076188591 0.2085945321138154 0.14216739461395062 18.6 0.7388235925914949
50.1 0.07332750684748372 0.23186305139738644 0.0828711076188591 0.2085945321138154 0.14216739461395062 18.6 0.7388235925914949
50.2 0.07332750684748372 0.23186305139738644 0.0828711076188591 0.2085945321138154 0.14216739461395062 18.6 0.7388235925914949
50.300000000000004 0.07332750684748372 0.23186305139738644 0.0828711076188591 0.2085945321138154 0.14216739461395062 18.6 0.7388235925914949
50.400000000000006 0.07332750684748372 0.23186305139738644 0.0828711076188591 0.2085945321138154 0.14216739461395062 18.6 0.7388235925914949
50.5 0.07332750684748372 0.23186305139738644 0.0828711076188591 0.2085945321138154 0.14216739461395062 18.6 0.7388235925914949
50.6 0.07332750684748372 0.23186305139738644 0.0828711076188591 0.2085945321138154 0.14216739461395062 18.6 0.7388235925914949
50.7 0.07332750684748372 0.23186305139738644 0.0828711076188591 0.2085945321138154 0.14216739461395062 18.6 0.7388235925914949
50.800000000000004 0.07332750684748372 0.23186305139738644 0.0828711076188591 0.2085945321138154 0.14216739461395062 18.6 0.7388235925914949
50.900000000000006 0.07332750684748372 0.23186305139738644 0.0828711076188591 0.2085945321138154 0.14216739461395062 18.6 0.7388235925914949
51.0 0.07332750684748372 0.23186305139738644 0.0828711076188591 0.2085945321138154 0.14216739461395062 18.6 0.7388235925914949
51.1 0.07332750684748372 0.23186305139738644 0.0828711076188591 0.2085945321138154 0.14216739461395062 18.6 0.7388235925914949
51.2 0.07332750684748372 0.23186305139738644 0.0828711076188591 0.2085945321138154 0.14216739461395062 18.6 0.7388235925914949
51.300000000000004 0.07332750684748372 0.23186305139738644 0.0828711076188591 0.2085945321138154 0.14216739461395062 18.6 0.7388235925914949
51.400000000000006 0.07332750684748372 0.23186305139738644 0.0828711076188591 0.2085945321138154 0.14216739461395062 18.6 0.7388235925914949
51.5 0.07332750684748372 0.23186305139738644 0.0828711076188591 0.2085945321138154 0.14216739461395062 18.6 0.7388235925914949
51.6 0.07332750684748372 0.23186305139738644 0.0828711076188591 0.2085945321138154 0.14216739461395062 18.6 0.7388235925914949
51.7 0.07332750684748372 0.23186305139738644 0.0828711076188591 0.2085945321138154 0.14216739461395062 18.6 0.7388235925914949
51.800000000000004 0.07332750684748372 0.23186305139738644 0.0828711076188591 0.2085945321138154 0.14216739461395062 18.6 0.7388235925914949
51.900000000000006 0.07332750684748372 0.23186305139738644 0.0828711076188591 0.2085945321138154 0.14216739461395062 18.6 0.7388235925914949
52.0 0.07332750684748372 0.23186305139738644 0.0828711076188591 0.2085945321138154 0.14216739461395062 18.6 0.7388235925914949
52.1 0.07332750684748372 0.23186305139738644 0.0828711076188591 0.2085945321138154 0.14216739461395062 18.6 0.7388235925914949
52.2 0.07332750684748372 0.23186305139738644 0.0828711076188591 0.2085945321138154 0.14216739461395062 18.6 0.7388235925914949
52.300000000000004 0.07332750684748372 0.23186305139738644 0.0828711076188591 0.2085945321138154 0.14216739461395062 18.6 0.7388235925914949
52.400000000000006 0.07332750684748372 0.23186305139738644 0.0828711076188591 0.2085945321138154 0.14216739461395062 18.6 0.7388235925914949
52.5 0.07332750684748372 0.23386222711162108 0.0828711076188591 0.2085945321138154 0.14216739461395062 18.7 0.7408227683057296
52.6 0.07332750684748372 0.23386222711162108 0.0828711076188591 0.2085945321138154 0.14216739461395062 18.7 0.7408227683057296
52.7 0.07332750684748372 0.23386222711162108 0.0828711076188591 0.2085945321138154 0.14216739461395062 18.7 0.7408227683057296
52.800000000000004 0.07332750684748372 0.23386222711162108 0.0828711076188591 0.2085945321138154 0.14216739461395062 18.7 0.7408227683057296
52.900000000000006 0.07332750684748372 0.23386222711162108 0.0828711076188591 0.2085945321138154 0.14216739461395062 18.7 0.7408227683057296
53.0 0.07332750684748372 0.23386222711162108 0.0828711076188591 0.2085945321138154 0.14216739461395062 18.7 0.7408227683057296
53.1 0.07332750684748372 0.23386222711162108 0.0828711076188591 0.2085945321138154 0.14216739461395062 18.7 0.7408227683057296
53.2 0.07332750684748372 0.23386222711162108 0.0828711076188591 0.2085945321138154 0.14216739461395062 18.7 0.7408227683057296
53.300000000000004 0.07332750684748372 0.23386222711162108 0.0828711076188591 0.2085945321138154 0.14216739461395062 18.7 0.7408227683057296
53.400000000000006 0.07332750684748372 0.23386222711162108 0.0828711076188591 0.2085945321138154 0.14216739461395062 18.7 0.7408227683057296
53.5 0.07332750684748372 0.23386222711162108 0.0828711076188591 0.2085945321138154 0.14216739461395062 18.7 0.7408227683057296
53.6 0.07332750684748372 0.23386222711162108 0.0828711076188591 0.2085945321138154 0.14216739461395062 18.7 0.7408227683057296
53.7 0.07332750684748372 0.23386222711162108 0.0828711076188591 0.2085945321138154 0.14216739461395062 18.7 0.7408227683057296
53.800000000000004 0.07332750684748372 0.23386222711162108 0.0828711076188591 0.2085945321138154 0.14216739461395062 18.7 0.7408227683057296
53.900000000000006 0.07332750684748372 0.23386222711162108 0.0828711076188591 0.2085945321138154 0.14216739461395062 18.7 0.7408227683057296
54.0 0.07332750684748372 0.23386222711162108 0.0828711076188591 0.2085945321138154 0.14216739461395062 18.7 0.7408227683057296
54.1 0.07332750684748372 0.23386222711162108 0.0828711076188591 0.2085945321138154 0.14216739461395062 18.7 0.7408227683057296
54.2 0.07332750684748372 0.23386222711162108 0.0828711076188591 0.2085945321138154 0.14216739461395062 18.7 0.7408227683057296
54.300000000000004 0.07332750684748372 0.23386222711162108 0.0828711076188591 0.2085945321138154 0.14216739461395062 18.7 0.7408227683057296
54.400000000000006 0.07332750684748372 0.23386222711162108 0.0828711076188591 0.2085945321138154 0.14216739461395062 18.7 0.7408227683057296
54.5 0.07332750684748372 0.23386222711162108 0.0828711076188591 0.2085945321138154 0.14216739461395062 18.7 0.7408227683057296
54.6 0.07332750684748372 0.23386222711162108 0.0828711076188591 0.2085945321138154 0.14216739461395062 18.7 0.7408227683057296
54.7 0.07332750684748372 0.23386222711162108 0.0828711076188591 0.2085945321138154 0.14216739461395062 18.7 0.7408227683057296
54.800000000000004 0.07332750684748372 0.23386222711162108 0.0828711076188591 0.2085945321138154 0.14216739461395062 18.7 0.7408227683057296
54.900000000000006 0.07332750684748372 0.23386222711162108 0.0828711076188591 0.2085945321138154 0.14216739461395062 18.7 0.7408227683057296
55.0 0.07332750684748372 0.23386222711162108 0.0828711076188591 0.2085945321138154 0.14216739461395062 18.7 0.7408227683057296
55.1 0.07332750684748372 0.23386222711162108 0.0828711076188591 0.2085945321138154 0.14216739461395062 18.7 0.7408227683057296
55.2 0.07332750684748372 0.23386222711162108 0.0828711076188591 0.2085945321138154 0.14216739461395062 18.7 0.7408227683057296
55.300000000000004 0.07332750684748372 0.23386222711162108 0.0828711076188591 0.2085945321138154 0.14216739461395062 18.7 0.7408227683057296
55.400000000000006 0.07332750684748372 0.23386222711162108 0.0828711076188591 0.2085945321138154 0.14216739461395062 18.7 0.7408227683057296
55.5 0.07332750684748372 0.23386222711162108 0.0828711076188591 0.2085945321138154 0.14216739461395062 18.7 0.7408227683057296
55.6 0.07332750684748372 0.23386222711162108 0.0828711076188591 0.2085945321138154 0.14216739461395062 18.7 0.7408227683057296
55.7 0.07332750684748372 0.23386222711162108 0.0828711076188591 0.2085945321138154 0.14216739461395062 18.7 0.7408227683057296
55.800000000000004 0.07332750684748372 0.23386222711162108 0.0828711076188591 0.2085945321138154 0.14216739461395062 18.7 0.7408227683057296
55.900000000000006 0.07332750684748372 0.23386222711162108 0.0828711076188591 0.2085945321138154 0.14216739461395062 18.7 0.7408227683057296
56.0 0.07332750684748372 0.23386222711162108 0.0828711076188591 0.2085945321138154 0.14216739461395062 18.7 0.7408227683057296
56.1 0.07332750684748372 0.23386222711162108 0.0828711076188591 0.2085945321138154 0.14216739461395062 18.7 0.7408227683057296
56.2 0.07332750684748372 0.23386222711162108 0.0828711076188591 0.2085945321138154 0.14216739461395062 18.7 0.7408227683057296
56.300000000000004 0.07332750684748372 0.23386222711162108 0.0828711076188591 0.2085945321138154 0.14216739461395062 18.7 0.7408227683057296
56.400000000000006 0.07332750684748372 0.23386222711162108 0.0828711076188591 0.2085945321138154 0.14216739461395062 18.7 0.7408227683057296
56.5 0.07332750684748372 0.23386222711162108 0.0828711076188591 0.2085945321138154 0.14216739461395062 18.7 0.7408227683057296
56.6 0.07332750684748372 0.23108202590684163 0.0828711076188591 0.2085945321138154 0.14482965751190113 18.7 0.7407048299989006
56.7 0.07332750684748372 0.23108202590684163 0.0828711076188591 0.2085945321138154 0.14482965751190113 18.7 0.7407048299989006
56.800000000000004 0.07332750684748372 0.2335792502284312 0.0828711076188591 0.2085945321138154 0.14482965751190113 18.8 0.7432020543204902
56.900000000000006 0.07332750684748372 0.2335792502284312 0.0828711076188591 0.2085945321138154 0.14482965751190113 18.8 0.7432020543204902
57.0 0.07332750684748372 0.2335792502284312 0.0828711076188591 0.2085945321138154 0.14482965751190113 18.8 0.7432020543204902
57.1 0.07332750684748372 0.23548508315235459 0.0828711076188591 0.2085945321138154 0.14482965751190113 18.9 0.7451078872444136
57.2 0.07332750684748372 0.23548508315235459 0.0828711076188591 0.2085945321138154 0.14482965751190113 18.9 0.7451078872444136
57.300000000000004 0.07332750684748372 0.23548508315235459 0.0828711076188591 0.2085945321138154 0.14482965751190113 18.9 0.7451078872444136
57.400000000000006 0.07332750684748372 0.23548508315235459 0.0828711076188591 0.2085945321138154 0.14482965751190113 18.9 0.7451078872444136
57.5 0.07332750684748372 0.23548508315235459 0.0828711076188591 0.2085945321138154 0.14482965751190113 18.9 0.7451078872444136
57.6 0.07332750684748372 0.23548508315235459 0.0828711076188591 0.2085945321138154 0.14482965751190113 18.9 0.7451078872444136
57.7 0.07332750684748372 0.23548508315235459 0.0828711076188591 0.2085945321138154 0.14482965751190113 18.9 0.7451078872444136
57.800000000000004 0.07332750684748372 0.23548508315235459 0.0828711076188591 0.2085945321138154 0.14482965751190113 18.9 0.7451078872444136
57.900000000000006 0.07332750684748372 0.23548508315235459 0.0828711076188591 0.2085945321138154 0.14482965751190113 18.9 0.7451078872444136
58.0 0.07332750684748372 0.23548508315235459 0.0828711076188591 0.2085945321138154 0.14482965751190113 18.9 0.7451078872444136
58.1 0.07332750684748372 0.23548508315235459 0.0828711076188591 0.2085945321138154 0.14482965751190113 18.9 0.7451078872444136
58.2 0.07332750684748372 0.23548508315235459 0.0828711076188591 0.2085945321138154 0.14482965751190113 18.9 0.7451078872444136
58.300000000000004 0.07332750684748372 0.23548508315235459 0.0828711076188591 0.2085945321138154 0.1471425854688279 19.0 0.7474208152013404
58.400000000000006 0.07332750684748372 0.23548508315235459 0.0828711076188591 0.2085945321138154 0.1471425854688279 19.0 0.7474208152013404
58.5 0.07332750684748372 0.23548508315235459 0.0828711076188591 0.2085945321138154 0.1471425854688279 19.0 0.7474208152013404
58.6 0.07332750684748372 0.23548508315235459 0.0828711076188591 0.2085945321138154 0.1471425854688279 19.0 0.7474208152013404
58.7 0.07332750684748372 0.23548508315235459 0.0828711076188591 0.2085945321138154 0.1471425854688279 19.0 0.7474208152013404
58.800000000000004 0.07332750684748372 0.23548508315235459 0.0828711076188591 0.2085945321138154 0.1471425854688279 19.0 0.7474208152013404
58.900000000000006 0.07332750684748372 0.23548508315235459 0.0828711076188591 0.2085945321138154 0.1471425854688279 19.0 0.7474208152013404
59.0 0.07332750684748372 0.23548508315235459 0.0828711076188591 0.2085945321138154 0.1471425854688279 19.0 0.7474208152013404
59.1 0.07332750684748372 0.23548508315235459 0.0828711076188591 0.2085945321138154 0.1471425854688279 19.0 0.7474208152013404
59.2 0.07332750684748372 0.23548508315235459 0.0828711076188591 0.2085945321138154 0.1471425854688279 19.0 0.7474208152013404
59.300000000000004 0.07332750684748372 0.23548508315235459 0.0828711076188591 0.2085945321138154 0.1471425854688279 19.0 0.7474208152013404
59.400000000000006 0.07332750684748372 0.23548508315235459 0.0828711076188591 0.2085945321138154 0.1471425854688279 19.0 0.7474208152013404
59.5 0.07332750684748372 0.23548508315235459 0.0828711076188591 0.2085945321138154 0.1471425854688279 19.0 0.7474208152013404
59.6 0.07332750684748372 0.23548508315235459 0.0828711076188591 0.2085945321138154 0.1471425854688279 19.0 0.7474208152013404
59.7 0.07332750684748372 0.23548508315235459 0.0828711076188591 0.2085945321138154 0.1471425854688279 19.0 0.7474208152013404
59.800000000000004 0.07332750684748372 0.23548508315235459 0.0828711076188591 0.2085945321138154 0.1471425854688279 19.0 0.7474208152013404
59.900000000000006 0.07332750684748372 0.23548508315235459 0.0828711076188591 0.2085945321138154 0.1471425854688279 19.0 0.7474208152013404
60.0 0.07332750684748372 0.23548508315235459 0.0828711076188591 0.2085945321138154 0.1471425854688279 19.0 0.7474208152013404
