t/s,1AO6-P1,2A73-P2,3GHG-P3,3K2S-P4,1HZH-P5,total,total_coverage
0.0 0.0 0.0 0.0 0.0 0.0 0.0 0.0
0.1 0.8 2.9 0.6 2.7 2.8 9.8 0.4585035924028765
0.2 1.6 4.0 0.7 2.5 3.2 12.0 0.5406570310939548
0.30000000000000004 1.6 4.0 0.7 3.2 3.3 12.8 0.5858243964841418
0.4 2.0 4.5 0.6 3.2 3.3 13.6 0.6212208911686512
0.5 1.9 5.0 0.7 3.0 3.7 14.3 0.6415786221145441
0.6000000000000001 1.9 5.2 0.7 3.0 3.9 14.7 0.6592943003764239
0.7000000000000001 2.0 5.5 0.7 2.9 4.1 15.2 0.6753244605080876
0.8 2.2 5.8 0.7 3.0 3.9 15.6 0.6947115947957676
0.9 2.2 5.9 0.7 3.0 4.1 15.9 0.7056295766961965
1.0 2.0 5.6 0.7 3.2 4.1 15.6 0.7025401861258818
1.1 1.9 5.7 0.7 3.5 3.7 15.5 0.6959820870389568
1.2000000000000002 2.0 5.7 0.7 3.4 3.4 15.2 0.6828847802119146
1.3 2.0 5.8 0.7 3.6 3.4 15.5 0.6896020918629752
1.4000000000000001 2.2 5.7 0.7 3.6 3.3 15.5 0.6876302894251662
1.5 2.2 5.6 0.7 3.7 3.1 15.3 0.6837520031189543
1.6 2.2 5.7 0.7 3.7 3.4 15.7 0.6946597018767636
1.7000000000000002 2.1 5.5 0.7 3.7 3.4 15.4 0.689260795868083
1.8 2.1 5.4 0.7 3.8 3.6 15.6 0.6972971080844668
1.9000000000000001 2.2 5.4 0.7 3.8 3.6 15.7 0.7012868679025109
2.0 2.2 5.4 0.7 3.8 3.7 15.8 0.7040561745973934
2.1 2.3 5.5 0.7 3.8 3.8 16.1 0.7129901534678791
2.2 2.3 5.4 0.7 3.8 3.9 16.1 0.7159010756641521
2.3000000000000003 2.2 5.4 0.7 4.0 3.9 16.2 0.7169699224698033
2.4000000000000004 2.3 5.4 0.7 4.0 4.0 16.4 0.7258102871279475
2.5 2.2 5.4 0.7 4.0 3.8 16.1 0.7152057351631633
2.6 2.2 5.6 0.7 4.1 3.8 16.4 0.7216672991434921
2.7 2.3 5.6 0.8 4.2 3.7 16.6 0.7255933578830833
2.8000000000000003 2.2 5.7 0.7 4.2 3.7 16.5 0.7164215287958102
2.9000000000000004 2.2 5.7 0.7 4.2 3.7 16.5 0.7165431036623884
3.0 2.4 5.8 0.7 4.1 3.7 16.7 0.7241328101085432
3.1 2.2 5.9 0.7 4.2 3.7 16.7 0.7226096013358637
3.2 2.2 5.9 0.8 4.2 3.7 16.8 0.7226319082003145
3.3000000000000003 2.2 6.1 0.8 4.2 3.7 17.0 0.7304362383962589
3.4000000000000004 2.2 6.1 0.8 4.2 3.8 17.1 0.7332377624991409
3.5 2.2 6.0 0.8 4.3 3.7 17.0 0.7299889934741537
3.6 2.2 6.0 0.8 4.2 3.7 16.9 0.727120152841282
3.7 2.3 5.9 0.7 4.4 3.8 17.1 0.7177497673746838
3.8000000000000003 2.3 6.3 0.7 4.3 3.8 17.4 0.7226993717710093
3.9000000000000004 2.3 6.2 0.9 4.2 4.0 17.6 0.7307454494384548
4.0 2.4 6.0 1.0 4.2 3.8 17.4 0.7261115490960239
4.1000000000000005 2.4 6.0 1.1 4.2 3.8 17.5 0.7301307133582324
4.2 2.3 6.0 1.1 4.2 3.8 17.4 0.7238114192762068
4.3 2.3 6.1 1.1 4.3 3.9 17.7 0.7326524219949977
4.4 2.4 5.9 1.1 4.4 4.0 17.8 0.73229274607737
4.5 2.4 6.0 1.2 4.4 4.0 18.0 0.7402959509283384
4.6000000000000005 2.4 5.9 1.2 4.5 4.0 18.0 0.7410120449011628
4.7 2.2 5.8 1.2 4.5 3.9 17.6 0.727191521083961
4.800000000000001 2.1 5.9 1.2 4.7 3.8 17.7 0.7268806174291355
4.9 2.1 5.9 1.2 4.7 3.8 17.7 0.7271794188216956
5.0 2.1 6.0 1.2 4.8 3.8 17.9 0.7319636930720568
5.1000000000000005 2.1 5.9 1.2 4.8 3.8 17.8 0.7299554009324194
5.2 2.1 5.9 1.2 4.9 4.0 18.1 0.7391747691647409
5.300000000000001 2.1 5.9 1.2 5.0 4.0 18.2 0.7418816997330391
5.4 2.1 5.9 1.2 5.0 4.0 18.2 0.7418816997330391
5.5 2.1 5.9 1.2 5.0 3.9 18.1 0.7389994438730775
5.6000000000000005 2.2 6.0 1.2 5.0 3.9 18.3 0.7456858879913274
5.7 2.2 5.9 1.2 5.0 3.9 18.2 0.7433842494656364
5.800000000000001 2.2 5.9 1.2 5.1 3.9 18.3 0.7468418584077202
5.9 2.1 5.9 1.2 5.1 3.8 18.1 0.7380178922383313
6.0 2.1 5.9 1.2 5.1 3.8 18.1 0.7366879354091079
6.1000000000000005 2.1 6.0 1.2 5.1 3.8 18.2 0.7410177934850838
6.2 2.1 6.0 1.2 5.2 3.8 18.3 0.7429238347597487
6.300000000000001 2.1 6.0 1.2 5.2 3.8 18.3 0.7429238347597487
6.4 2.1 6.0 1.2 5.2 3.8 18.3 0.7429238347597487
6.5 2.1 6.0 1.2 5.2 3.8 18.3 0.7429238347597487
6.6000000000000005 2.1 6.0 1.2 5.2 3.8 18.3 0.7429238347597487
6.7 2.1 6.0 1.2 5.1 3.8 18.2 0.7410177934850838
6.800000000000001 2.1 6.1 1.2 5.1 3.8 18.3 0.7434920239454901
6.9 2.1 6.1 1.2 5.1 3.8 18.3 0.7434920239454901
7.0 2.1 6.0 1.2 5.1 3.8 18.2 0.741152969867585
7.1000000000000005 2.1 6.0 1.2 5.1 3.8 18.2 0.741152969867585
7.2 2.1 6.0 1.2 5.1 3.8 18.2 0.741152969867585
7.300000000000001 2.1 5.9 1.2 5.0 3.8 18.0 0.7342193143919638
7.4 2.1 5.9 1.2 5.0 3.8 18.0 0.7342193143919638
7.5 2.1 5.9 1.2 5.0 3.8 18.0 0.7342193143919638
7.6000000000000005 2.1 6.0 1.2 5.0 3.8 18.1 0.7362776137657816
7.7 2.1 6.0 1.2 5.0 3.8 18.1 0.7362776137657816
7.800000000000001 2.1 6.0 1.2 5.0 3.8 18.1 0.7362776137657816
7.9 2.1 6.0 1.2 5.0 3.8 18.1 0.7362776137657816
8.0 2.1 6.0 1.2 5.0 3.8 18.1 0.7362776137657816
8.1 2.1 6.0 1.2 4.9 3.8 18.0 0.7344041831925152
8.200000000000001 2.1 6.0 1.2 4.9 3.8 18.0 0.7344041831925152
8.3 2.1 6.0 1.2 5.0 3.8 18.1 0.7363833713105932
8.4 2.1 6.0 1.2 5.0 3.8 18.1 0.7363833713105932
8.5 2.1 6.0 1.2 5.0 3.8 18.1 0.7363833713105932
8.6 2.1 6.0 1.2 5.0 3.8 18.1 0.7363833713105932
8.700000000000001 2.1 6.0 1.2 5.0 3.8 18.1 0.7363833713105932
8.8 2.1 6.0 1.2 5.0 3.8 18.1 0.7363833713105932
8.9 2.1 6.0 1.2 5.0 3.8 18.1 0.7363833713105932
9.0 2.1 6.0 1.2 5.0 3.8 18.1 0.7363833713105932
9.1 2.1 6.0 1.2 5.0 3.8 18.1 0.7363833713105932
9.200000000000001 2.1 6.0 1.2 5.0 3.8 18.1 0.7363833713105932
9.3 2.1 6.0 1.2 5.0 3.8 18.1 0.7363833713105932
9.4 2.1 6.0 1.2 5.0 3.8 18.1 0.7363833713105932
9.5 2.1 6.0 1.2 5.0 3.8 18.1 0.7363833713105932
9.600000000000001 2.1 6.0 1.2 5.0 3.8 18.1 0.7363833713105932
9.700000000000001 2.1 6.0 1.2 5.0 3.8 18.1 0.7363833713105932
9.8 2.1 6.0 1.2 5.0 3.8 18.1 0.7363833713105932
9.9 2.1 6.0 1.2 5.0 3.8 18.1 0.7363833713105932
10.0 2.1 6.0 1.2 5.0 3.8 18.1 0.7363833713105932
10.100000000000001 2.2 6.0 1.2 5.0 3.8 18.2 0.7400179185906202
10.200000000000001 2.2 6.0 1.2 5.0 3.8 18.2 0.7400179185906202
10.3 2.2 6.0 1.2 4.9 3.8 18.1 0.7365603096485364
10.4 2.2 6.0 1.2 4.9 3.8 18.1 0.7365603096485364
10.5 2.2 6.0 1.2 4.9 3.8 18.1 0.7365603096485364
10.600000000000001 2.2 6.0 1.2 4.9 3.8 18.1 0.7365603096485364
10.700000000000001 2.2 6.0 1.2 4.9 3.8 18.1 0.7365603096485364
10.8 2.2 6.0 1.2 4.9 3.8 18.1 0.7365603096485364
10.9 2.2 6.0 1.2 4.9 3.8 18.1 0.7365603096485364
11.0 2.2 6.1 1.2 4.9 3.9 18.3 0.7411889662605596
11.100000000000001 2.2 6.1 1.2 4.9 3.9 18.3 0.7411889662605596
11.200000000000001 2.2 6.1 1.2 4.9 3.9 18.3 0.7411889662605596
11.3 2.2 6.1 1.2 4.9 3.9 18.3 0.7411889662605596
11.4 2.2 6.1 1.2 4.9 3.9 18.3 0.7411889662605596
11.5 2.2 6.1 1.3 4.9 3.9 18.4 0.7434064304703785
11.600000000000001 2.2 6.1 1.3 5.0 3.9 18.5 0.7452442273658971
11.700000000000001 2.2 6.1 1.3 5.0 3.9 18.5 0.7452442273658971
11.8 2.2 6.1 1.3 5.0 3.9 18.5 0.7452442273658971
11.9 2.2 6.1 1.3 5.0 3.9 18.5 0.7452442273658971
12.0 2.2 6.1 1.3 5.0 3.9 18.5 0.7452442273658971
12.100000000000001 2.2 6.1 1.3 4.9 3.9 18.4 0.7434064304703785
12.200000000000001 2.2 6.1 1.3 4.9 3.9 18.4 0.7434064304703785
12.3 2.2 6.1 1.3 4.9 3.9 18.4 0.7434064304703785
12.4 2.2 6.1 1.3 4.9 3.8 18.3 0.7391160772873622
12.5 2.2 6.1 1.3 4.9 3.8 18.3 0.7391160772873622
12.600000000000001 2.2 6.1 1.3 4.9 3.8 18.3 0.7391160772873622
12.700000000000001 2.2 6.1 1.3 4.9 3.8 18.3 0.7391160772873622
12.8 2.2 6.1 1.3 4.9 3.8 18.3 0.7391160772873622
12.9 2.2 6.1 1.3 4.9 3.8 18.3 0.7391160772873622
13.0 2.2 6.1 1.3 4.9 3.8 18.3 0.7391160772873622
13.100000000000001 2.2 6.1 1.3 4.9 3.8 18.3 0.7391160772873622
13.200000000000001 2.2 6.1 1.3 4.9 3.8 18.3 0.7391160772873622
13.3 2.2 6.1 1.3 4.9 3.8 18.3 0.7391160772873622
13.4 2.2 6.1 1.3 4.9 3.8 18.3 0.7391160772873622
13.5 2.2 6.1 1.3 4.9 3.8 18.3 0.7391160772873622
13.600000000000001 2.2 6.1 1.3 4.9 3.8 18.3 0.7391160772873622
13.700000000000001 2.2 6.1 1.3 4.9 3.8 18.3 0.7391160772873622
13.8 2.2 6.1 1.3 4.9 3.8 18.3 0.7391160772873622
13.9 2.2 6.1 1.3 4.9 3.8 18.3 0.7391160772873622
14.0 2.2 6.1 1.3 4.9 3.8 18.3 0.7391160772873622
14.100000000000001 2.2 6.1 1.3 4.9 3.8 18.3 0.7391160772873622
14.200000000000001 2.2 6.1 1.3 4.9 3.8 18.3 0.7391160772873622
14.3 2.2 6.1 1.3 4.9 3.8 18.3 0.7391160772873622
14.4 2.2 6.1 1.3 4.9 3.8 18.3 0.7391160772873622
14.5 2.2 6.1 1.3 4.9 3.8 18.3 0.7391160772873622
14.600000000000001 2.2 6.1 1.3 4.9 3.8 18.3 0.7391160772873622
14.700000000000001 2.2 6.1 1.3 4.9 3.8 18.3 0.7391160772873622
14.8 2.2 6.0 1.3 4.9 3.8 18.2 0.7363562796961829
14.9 2.2 6.1 1.3 4.9 3.8 18.3 0.7415549089089278
15.0 2.2 6.1 1.3 4.9 3.8 18.3 0.7415549089089278
15.100000000000001 2.2 6.1 1.3 4.9 3.8 18.3 0.7415549089089278
15.200000000000001 2.2 6.1 1.3 4.9 3.8 18.3 0.7415549089089278
15.3 2.2 6.2 1.3 4.9 3.8 18.4 0.7434245027345812
15.4 2.2 6.2 1.3 4.9 3.8 18.4 0.7434245027345812
15.5 2.1 6.2 1.3 4.9 3.8 18.3 0.7398035076067767
15.600000000000001 2.1 6.2 1.3 4.9 3.8 18.3 0.7398035076067767
15.700000000000001 2.1 6.2 1.3 4.9 3.8 18.3 0.7398035076067767
15.8 2.1 6.2 1.3 4.9 3.8 18.3 0.7398035076067767
15.9 2.1 6.2 1.3 4.9 3.8 18.3 0.7398035076067767
16.0 2.1 6.2 1.3 4.9 3.8 18.3 0.7398035076067767
16.1 2.1 6.2 1.3 4.9 3.8 18.3 0.7398035076067767
16.2 2.1 6.2 1.3 4.9 3.8 18.3 0.7398035076067767
16.3 2.1 6.2 1.3 4.9 3.8 18.3 0.7398035076067767
16.400000000000002 2.1 6.1 1.3 4.9 3.8 18.2 0.7379339137811234
16.5 2.1 6.1 1.3 4.9 3.8 18.2 0.7379339137811234
16.6 2.1 6.1 1.3 4.9 3.8 18.2 0.7379339137811234
16.7 2.1 6.1 1.3 4.9 3.8 18.2 0.7379339137811234
16.8 2.1 6.1 1.3 4.9 3.8 18.2 0.7379339137811234
16.900000000000002 2.1 6.1 1.3 4.9 3.8 18.2 0.7379339137811234
17.0 2.1 6.1 1.3 4.9 3.8 18.2 0.7379339137811234
17.1 2.1 6.1 1.3 4.9 3.8 18.2 0.7379339137811234
17.2 2.1 6.1 1.3 4.9 3.8 18.2 0.7379339137811234
17.3 2.1 6.0 1.3 4.9 3.8 18.1 0.7346012646476247
17.400000000000002 2.1 6.0 1.3 4.9 3.8 18.1 0.7346012646476247
17.5 2.1 6.0 1.3 4.9 3.8 18.1 0.7346012646476247
17.6 2.1 6.0 1.3 4.9 3.8 18.1 0.7346012646476247
17.7 2.1 6.0 1.3 4.9 3.8 18.1 0.7346012646476247
17.8 2.1 6.0 1.3 4.9 3.8 18.1 0.7346012646476247
17.900000000000002 2.1 6.0 1.3 4.9 3.8 18.1 0.7346012646476247
18.0 2.1 6.0 1.3 4.9 3.7 18.0 0.7324587356802474
18.1 2.0 6.0 1.3 4.9 3.7 17.9 0.7284785009795826
18.2 2.0 6.0 1.3 5.0 3.7 18.0 0.7312680281261341
18.3 2.0 6.0 1.3 5.0 3.7 18.0 0.7312680281261341
18.400000000000002 2.0 6.0 1.3 5.0 3.7 18.0 0.7312680281261341
18.5 2.0 6.0 1.3 5.0 3.7 18.0 0.7312680281261341
18.6 2.0 6.0 1.3 5.0 3.7 18.0 0.7312680281261341
18.7 2.0 6.0 1.3 5.0 3.7 18.0 0.7312680281261341
18.8 2.0 6.0 1.3 5.0 3.7 18.0 0.7312680281261341
18.900000000000002 2.0 6.0 1.3 5.0 3.7 18.0 0.7312680281261341
19.0 2.0 6.0 1.3 5.0 3.6 17.9 0.7285082932307783
19.1 2.0 6.0 1.3 5.0 3.6 17.9 0.7285082932307783
19.200000000000003 2.0 6.0 1.3 5.0 3.6 17.9 0.7285082932307783
19.3 2.0 6.0 1.3 5.0 3.6 17.9 0.7285082932307783
19.400000000000002 2.0 6.0 1.3 5.0 3.6 17.9 0.7285082932307783
19.5 2.0 6.0 1.3 5.0 3.6 17.9 0.7285082932307783
19.6 2.0 6.0 1.3 5.0 3.6 17.9 0.7285082932307783
19.700000000000003 2.0 6.0 1.3 5.0 3.6 17.9 0.7285082932307783
19.8 2.0 5.9 1.3 5.0 3.6 17.8 0.7248355288513972
19.900000000000002 2.0 5.9 1.3 5.0 3.6 17.8 0.7248355288513972
20.0 2.0 5.9 1.3 5.0 3.6 17.8 0.7248355288513972
20.1 2.0 5.9 1.3 5.0 3.6 17.8 0.7248355288513972
20.200000000000003 2.0 5.9 1.3 5.0 3.6 17.8 0.7248355288513972
20.3 2.0 5.8 1.3 5.0 3.6 17.7 0.7222082248992192
20.400000000000002 2.0 5.8 1.3 5.0 3.6 17.7 0.7222082248992192
20.5 2.0 5.8 1.3 5.0 3.6 17.7 0.7222082248992192
20.6 2.0 5.8 1.3 5.0 3.6 17.7 0.7222082248992192
20.700000000000003 2.0 5.8 1.3 5.0 3.6 17.7 0.7222082248992192
20.8 2.0 5.8 1.3 5.0 3.6 17.7 0.7222082248992192
20.900000000000002 2.0 5.8 1.3 5.0 3.6 17.7 0.7222082248992192
21.0 2.0 5.8 1.3 5.0 3.6 17.7 0.7222082248992192
21.1 2.0 5.8 1.3 5.0 3.6 17.7 0.7222082248992192
21.200000000000003 2.0 5.8 1.3 5.1 3.6 17.8 0.7239498766575742
21.3 2.0 5.8 1.3 5.1 3.6 17.8 0.7239498766575742
21.400000000000002 2.0 5.8 1.3 5.1 3.6 17.8 0.7239498766575742
21.5 2.0 5.8 1.3 5.3 3.6 18.0 0.7287567602837985
21.6 2.0 5.8 1.3 5.3 3.6 18.0 0.7287567602837985
21.700000000000003 2.0 5.9 1.3 5.3 3.6 18.1 0.7313219623189061
21.8 2.0 5.9 1.3 5.3 3.6 18.1 0.7313219623189061
21.900000000000002 2.0 5.9 1.3 5.3 3.6 18.1 0.7313219623189061
22.0 2.0 5.9 1.3 5.4 3.6 18.2 0.7331863951856431
22.1 2.0 5.9 1.3 5.4 3.6 18.2 0.7331863951856431
22.200000000000003 2.0 5.9 1.3 5.4 3.6 18.2 0.7331863951856431
22.3 2.0 5.9 1.3 5.4 3.6 18.2 0.7331863951856431
22.400000000000002 2.0 5.9 1.3 5.4 3.6 18.2 0.7331863951856431
22.5 2.0 5.9 1.3 5.4 3.6 18.2 0.7331863951856431
22.6 2.0 5.9 1.3 5.4 3.6 18.2 0.7331863951856431
22.700000000000003 2.0 5.9 1.3 5.4 3.6 18.2 0.7331863951856431
22.8 2.0 5.9 1.3 5.4 3.6 18.2 0.7331863951856431
22.900000000000002 2.0 5.9 1.3 5.4 3.6 18.2 0.7331863951856431
23.0 2.0 5.9 1.3 5.4 3.6 18.2 0.7331863951856431
23.1 2.0 5.9 1.3 5.4 3.6 18.2 0.7331863951856431
23.200000000000003 2.0 5.9 1.3 5.4 3.6 18.2 0.7331863951856431
23.3 2.0 5.9 1.3 5.4 3.6 18.2 0.7331863951856431
23.400000000000002 2.0 5.9 1.3 5.4 3.6 18.2 0.7331863951856431
23.5 2.0 5.9 1.3 5.4 3.6 18.2 0.7331863951856431
23.6 2.0 6.0 1.3 5.4 3.6 18.3 0.7359132540179646
23.700000000000003 2.0 6.0 1.3 5.4 3.6 18.3 0.7359132540179646
23.8 2.0 6.0 1.3 5.5 3.6 18.4 0.7382427672900538
23.900000000000002 2.0 6.0 1.3 5.6 3.6 18.5 0.7405156043323234
24.0 2.0 6.0 1.3 5.6 3.6 18.5 0.7405156043323234
24.1 2.0 6.0 1.3 5.6 3.6 18.5 0.7405156043323234
24.200000000000003 2.0 6.0 1.3 5.7 3.6 18.6 0.7422647948746207
24.3 2.0 6.0 1.3 5.7 3.6 18.6 0.7422647948746207
24.400000000000002 2.0 5.9 1.3 5.7 3.6 18.5 0.7395379360422992
24.5 2.0 5.9 1.3 5.7 3.6 18.5 0.7395379360422992
24.6 2.0 5.9 1.3 5.6 3.6 18.4 0.737788745500002
24.700000000000003 2.0 5.9 1.3 5.6 3.6 18.4 0.737788745500002
24.8 2.0 5.9 1.3 5.6 3.6 18.4 0.737788745500002
24.900000000000002 2.0 6.0 1.3 5.6 3.6 18.5 0.7400046053459854
25.0 2.0 5.9 1.3 5.6 3.6 18.4 0.737788745500002
25.1 2.0 5.9 1.3 5.7 3.6 18.5 0.73976793361808
25.200000000000003 2.0 5.9 1.3 5.7 3.6 18.5 0.73976793361808
25.3 2.0 5.9 1.3 5.7 3.6 18.5 0.73976793361808
25.400000000000002 2.0 5.9 1.3 5.7 3.6 18.5 0.73976793361808
25.5 2.0 5.9 1.3 5.7 3.6 18.5 0.73976793361808
25.6 2.0 5.9 1.3 5.7 3.6 18.5 0.73976793361808
25.700000000000003 2.0 5.9 1.3 5.7 3.6 18.5 0.73976793361808
25.8 2.0 5.9 1.3 5.7 3.6 18.5 0.73976793361808
25.900000000000002 2.0 5.9 1.3 5.7 3.6 18.5 0.73976793361808
26.0 2.0 5.9 1.3 5.7 3.6 18.5 0.73976793361808
26.1 2.0 5.9 1.3 5.7 3.6 18.5 0.73976793361808
26.200000000000003 2.0 5.9 1.3 5.7 3.6 18.5 0.73976793361808
26.3 2.0 5.9 1.3 5.7 3.6 18.5 0.73976793361808
26.400000000000002 2.0 5.9 1.3 5.7 3.6 18.5 0.73976793361808
26.5 2.0 5.9 1.3 5.7 3.6 18.5 0.73976793361808
26.6 2.0 5.9 1.3 5.7 3.6 18.5 0.73976793361808
26.700000000000003 2.0 5.9 1.3 5.7 3.6 18.5 0.73976793361808
26.8 2.0 5.9 1.3 5.7 3.5 18.4 0.7368774055233186
26.900000000000002 2.0 5.9 1.3 5.7 3.5 18.4 0.7368774055233186
27.0 2.0 5.9 1.3 5.7 3.5 18.4 0.7368774055233186
27.1 2.0 5.9 1.3 5.7 3.5 18.4 0.7368774055233186
27.200000000000003 2.0 5.8 1.3 5.7 3.5 18.3 0.7348141894482592
27.3 2.0 5.8 1.3 5.7 3.5 18.3 0.7348141894482592
27.400000000000002 2.0 5.8 1.3 5.7 3.5 18.3 0.7348141894482592
27.5 2.0 5.8 1.3 5.7 3.5 18.3 0.7348141894482592
27.6 2.0 5.8 1.3 5.7 3.5 18.3 0.7348141894482592
27.700000000000003 2.0 5.8 1.3 5.7 3.5 18.3 0.7348141894482592
27.8 2.0 5.8 1.3 5.7 3.5 18.3 0.7348141894482592
27.900000000000002 2.0 5.8 1.3 5.8 3.5 18.4 0.7368722389882495
28.0 2.0 5.8 1.3 5.8 3.5 18.4 0.7368722389882495
28.1 2.0 5.8 1.3 5.8 3.5 18.4 0.7368722389882495
28.200000000000003 2.0 5.8 1.3 5.8 3.4 18.3 0.7324330784114192
28.3 2.0 5.8 1.3 5.9 3.4 18.4 0.7346869514022307
28.400000000000002 2.0 5.8 1.3 5.9 3.4 18.4 0.7346869514022307
28.5 2.0 5.8 1.3 5.9 3.4 18.4 0.7346869514022307
28.6 2.0 5.8 1.3 5.9 3.4 18.4 0.7346869514022307
28.700000000000003 2.0 5.8 1.3 5.9 3.4 18.4 0.7346869514022307
28.8 2.0 5.8 1.3 5.9 3.4 18.4 0.7346869514022307
28.900000000000002 2.0 5.8 1.3 5.9 3.4 18.4 0.7346869514022307
29.0 2.0 5.8 1.3 5.9 3.4 18.4 0.7346869514022307
29.1 2.0 5.8 1.3 5.9 3.4 18.4 0.7346869514022307
29.200000000000003 2.0 5.8 1.3 5.9 3.4 18.4 0.7346869514022307
29.3 2.0 5.8 1.3 5.8 3.5 18.4 0.7354708499103699
29.400000000000002 2.0 5.8 1.3 5.8 3.5 18.4 0.7354708499103699
29.5 2.0 5.8 1.3 5.8 3.5 18.4 0.7354708499103699
29.6 2.0 5.8 1.3 5.8 3.5 18.4 0.7354708499103699
29.700000000000003 2.0 5.8 1.3 5.7 3.5 18.3 0.7331413366382806
29.8 2.0 5.9 1.3 5.7 3.4 18.3 0.7329898133988042
29.900000000000002 2.0 5.9 1.3 5.7 3.4 18.3 0.7329898133988042
30.0 2.0 5.9 1.3 5.7 3.4 18.3 0.7329898133988042
30.1 2.0 5.9 1.3 5.7 3.4 18.3 0.7329898133988042
30.200000000000003 2.0 5.9 1.3 5.7 3.4 18.3 0.7329898133988042
30.3 2.0 5.9 1.3 5.8 3.4 18.4 0.7360946186722861
30.400000000000002 2.0 5.9 1.3 5.9 3.4 18.5 0.7383740107492035
30.5 2.0 5.9 1.3 5.9 3.4 18.5 0.7383740107492035
30.6 2.0 5.9 1.3 5.9 3.4 18.5 0.7383740107492035
30.700000000000003 2.0 5.9 1.3 5.9 3.4 18.5 0.7383740107492035
30.8 2.0 5.9 1.3 5.9 3.4 18.5 0.7383740107492035
30.900000000000002 2.0 5.9 1.3 5.9 3.4 18.5 0.7383740107492035
31.0 2.0 5.9 1.3 5.9 3.4 18.5 0.7383740107492035
31.1 2.0 5.9 1.3 5.9 3.4 18.5 0.7383740107492035
31.200000000000003 2.0 5.9 1.3 5.9 3.4 18.5 0.7383740107492035
31.3 2.0 5.9 1.3 5.9 3.4 18.5 0.7383740107492035
31.400000000000002 2.0 5.9 1.3 5.9 3.4 18.5 0.7383740107492035
31.5 2.0 5.9 1.3 5.9 3.4 18.5 0.7383740107492035
31.6 2.0 5.9 1.3 5.9 3.4 18.5 0.7383740107492035
31.700000000000003 2.0 5.9 1.3 5.9 3.4 18.5 0.7383740107492035
31.8 2.0 5.9 1.3 5.9 3.4 18.5 0.7383740107492035
31.900000000000002 2.0 5.9 1.3 5.9 3.4 18.5 0.7383740107492035
32.0 2.0 5.9 1.3 5.9 3.4 18.5 0.7383740107492035
32.1 2.0 6.0 1.3 5.9 3.4 18.6 0.741233024869614
32.2 2.0 6.0 1.3 5.9 3.4 18.6 0.741233024869614
32.300000000000004 2.0 6.0 1.3 5.9 3.4 18.6 0.741233024869614
32.4 2.0 6.0 1.3 5.9 3.4 18.6 0.741233024869614
32.5 2.0 6.0 1.3 5.9 3.4 18.6 0.741233024869614
32.6 2.0 6.0 1.3 5.9 3.4 18.6 0.741233024869614
32.7 2.0 6.0 1.3 5.9 3.4 18.6 0.741233024869614
32.800000000000004 2.0 6.0 1.3 5.9 3.4 18.6 0.741233024869614
32.9 2.0 6.0 1.3 5.9 3.4 18.6 0.741233024869614
33.0 2.0 6.0 1.3 5.9 3.4 18.6 0.741233024869614
33.1 2.0 6.0 1.3 5.9 3.4 18.6 0.741233024869614
33.2 2.0 6.0 1.3 5.9 3.4 18.6 0.741233024869614
33.300000000000004 2.0 6.0 1.3 5.9 3.4 18.6 0.741233024869614
33.4 2.0 6.0 1.3 5.9 3.4 18.6 0.741233024869614
33.5 2.0 6.0 1.3 5.9 3.4 18.6 0.741233024869614
33.6 2.0 6.0 1.3 5.9 3.4 18.6 0.741233024869614
33.7 2.0 6.0 1.3 5.8 3.4 18.5 0.7381282195961321
33.800000000000004 2.0 6.0 1.3 5.8 3.4 18.5 0.7381282195961321
33.9 2.0 6.0 1.3 5.8 3.4 18.5 0.7381282195961321
34.0 2.0 6.0 1.3 5.8 3.4 18.5 0.7381282195961321
34.1 2.0 6.0 1.3 5.8 3.4 18.5 0.7381282195961321
34.2 2.0 6.0 1.3 5.8 3.4 18.5 0.7381282195961321
34.300000000000004 2.0 6.0 1.3 5.8 3.4 18.5 0.7381282195961321
34.4 2.0 6.0 1.3 5.8 3.4 18.5 0.7381282195961321
34.5 2.0 6.0 1.3 5.8 3.4 18.5 0.7381282195961321
34.6 2.0 6.0 1.3 5.8 3.4 18.5 0.7381282195961321
34.7 2.0 6.0 1.3 5.8 3.4 18.5 0.7381282195961321
34.800000000000004 2.0 6.0 1.3 5.8 3.4 18.5 0.7381282195961321
34.9 2.0 6.0 1.3 5.8 3.4 18.5 0.7381282195961321
35.0 2.0 6.0 1.3 5.8 3.4 18.5 0.7381282195961321
35.1 2.0 6.0 1.3 5.8 3.4 18.5 0.7381282195961321
35.2 2.0 6.0 1.3 5.8 3.4 18.5 0.7381282195961321
35.300000000000004 2.0 6.0 1.3 5.8 3.4 18.5 0.7381282195961321
35.4 2.0 6.0 1.3 5.8 3.4 18.5 0.7381282195961321
35.5 2.0 6.0 1.3 5.8 3.4 18.5 0.7381282195961321
35.6 2.0 6.0 1.3 5.8 3.4 18.5 0.7381282195961321
35.7 2.0 6.0 1.3 5.8 3.4 18.5 0.7381282195961321
35.800000000000004 2.0 6.0 1.3 5.8 3.4 18.5 0.7381282195961321
35.9 2.0 6.0 1.3 5.8 3.4 18.5 0.7381282195961321
36.0 2.0 6.0 1.3 5.8 3.4 18.5 0.7381282195961321
36.1 2.0 6.0 1.3 5.8 3.4 18.5 0.7381282195961321
36.2 2.0 5.9 1.3 5.8 3.4 18.4 0.7362592978794646
36.300000000000004 2.0 5.9 1.3 5.8 3.4 18.4 0.7362592978794646
36.4 2.0 5.9 1.3 5.8 3.4 18.4 0.7362592978794646
36.5 2.0 5.9 1.3 5.8 3.4 18.4 0.7362592978794646
36.6 2.0 5.9 1.3 5.8 3.4 18.4 0.7362592978794646
36.7 2.0 5.9 1.3 5.8 3.4 18.4 0.7362592978794646
36.800000000000004 2.0 5.9 1.3 5.8 3.4 18.4 0.7362592978794646
36.9 2.0 5.9 1.3 5.8 3.4 18.4 0.7362592978794646
37.0 2.0 5.9 1.3 5.8 3.4 18.4 0.7362592978794646
37.1 2.0 5.9 1.3 5.8 3.4 18.4 0.7362592978794646
37.2 2.0 5.9 1.3 5.8 3.4 18.4 0.7362592978794646
37.300000000000004 2.0 5.9 1.3 5.8 3.4 18.4 0.7362592978794646
37.4 2.0 5.9 1.3 5.8 3.4 18.4 0.7362592978794646
37.5 2.0 5.9 1.3 5.8 3.4 18.4 0.7362592978794646
37.6 2.0 5.9 1.3 5.8 3.4 18.4 0.7362592978794646
37.7 2.0 5.9 1.3 5.8 3.4 18.4 0.7362592978794646
37.800000000000004 2.0 5.9 1.3 5.8 3.4 18.4 0.7362592978794646
37.9 2.0 6.0 1.3 5.8 3.4 18.5 0.7383577518997438
38.0 2.0 6.0 1.3 5.8 3.4 18.5 0.7383577518997438
38.1 2.0 5.9 1.3 5.8 3.4 18.4 0.7362592978794646
38.2 2.0 5.9 1.3 5.8 3.4 18.4 0.7362592978794646
38.300000000000004 2.0 5.9 1.3 5.8 3.4 18.4 0.7362592978794646
38.400000000000006 2.0 5.9 1.3 5.8 3.4 18.4 0.7362592978794646
38.5 2.0 5.9 1.3 5.8 3.4 18.4 0.7362592978794646
38.6 2.0 5.9 1.3 5.8 3.4 18.4 0.7362592978794646
38.7 2.0 5.9 1.3 5.8 3.4 18.4 0.7362592978794646
38.800000000000004 2.0 5.9 1.3 5.8 3.4 18.4 0.7362592978794646
38.900000000000006 2.0 5.9 1.3 5.8 3.4 18.4 0.7362592978794646
39.0 2.0 6.0 1.3 5.8 3.4 18.5 0.739039499084244
39.1 2.0 6.0 1.3 5.8 3.4 18.5 0.739039499084244
39.2 2.0 6.0 1.3 5.8 3.4 18.5 0.739039499084244
39.300000000000004 2.0 6.0 1.3 5.8 3.4 18.5 0.739039499084244
39.400000000000006 2.0 6.0 1.3 5.8 3.4 18.5 0.739039499084244
39.5 2.0 6.0 1.3 5.8 3.4 18.5 0.739039499084244
39.6 2.0 6.0 1.3 5.8 3.4 18.5 0.739039499084244
39.7 2.0 6.0 1.3 5.8 3.4 18.5 0.739039499084244
39.800000000000004 2.0 6.0 1.3 5.8 3.4 18.5 0.739039499084244
39.900000000000006 2.0 6.1 1.3 5.8 3.4 18.6 0.7414850405137315
40.0 2.0 6.0 1.3 5.8 3.4 18.5 0.739039499084244
40.1 2.0 6.0 1.3 5.8 3.4 18.5 0.739039499084244
40.2 2.0 6.0 1.3 5.8 3.4 18.5 0.739039499084244
40.300000000000004 2.0 6.0 1.3 5.8 3.4 18.5 0.739039499084244
40.400000000000006 2.0 6.0 1.3 5.8 3.4 18.5 0.739039499084244
40.5 2.0 6.0 1.3 5.8 3.4 18.5 0.739039499084244
40.6 2.0 6.0 1.3 5.8 3.4 18.5 0.739039499084244
40.7 2.0 6.0 1.3 5.8 3.4 18.5 0.739039499084244
40.800000000000004 2.0 6.0 1.3 5.8 3.4 18.5 0.739039499084244
40.900000000000006 2.0 6.0 1.3 5.8 3.4 18.5 0.739039499084244
41.0 2.0 6.0 1.3 5.8 3.4 18.5 0.739039499084244
41.1 2.0 6.0 1.3 5.8 3.4 18.5 0.739039499084244
41.2 2.0 6.0 1.3 5.8 3.4 18.5 0.739039499084244
41.300000000000004 2.0 6.0 1.3 5.8 3.4 18.5 0.739039499084244
41.400000000000006 2.0 6.0 1.3 5.8 3.4 18.5 0.739039499084244
41.5 2.0 6.0 1.3 5.8 3.4 18.5 0.739039499084244
41.6 2.0 6.0 1.3 5.8 3.4 18.5 0.739039499084244
41.7 2.0 6.0 1.3 5.8 3.4 18.5 0.739039499084244
41.800000000000004 2.0 6.0 1.3 5.8 3.4 18.5 0.739039499084244
41.900000000000006 2.0 6.0 1.3 5.8 3.4 18.5 0.739039499084244
42.0 2.0 6.0 1.3 5.8 3.4 18.5 0.739039499084244
42.1 2.0 6.0 1.3 5.8 3.4 18.5 0.739039499084244
42.2 2.0 6.0 1.3 5.8 3.4 18.5 0.739039499084244
42.300000000000004 2.0 6.0 1.3 5.8 3.4 18.5 0.739039499084244
42.400000000000006 2.0 6.0 1.3 5.8 3.4 18.5 0.739039499084244
42.5 2.0 6.0 1.3 5.8 3.4 18.5 0.739039499084244
42.6 2.0 6.0 1.3 5.8 3.4 18.5 0.739039499084244
42.7 2.0 6.0 1.3 5.8 3.4 18.5 0.739039499084244
42.800000000000004 2.0 6.0 1.3 5.8 3.4 18.5 0.739039499084244
42.900000000000006 2.0 6.0 1.3 5.8 3.4 18.5 0.739039499084244
43.0 2.0 6.0 1.3 5.8 3.4 18.5 0.739039499084244
43.1 2.0 6.0 1.3 5.8 3.4 18.5 0.739039499084244
43.2 2.0 6.0 1.3 5.8 3.6 18.7 0.742844404268898
43.300000000000004 2.0 6.0 1.3 5.8 3.5 18.6 0.7409431596935621
43.400000000000006 2.0 6.0 1.3 5.8 3.5 18.6 0.7409431596935621
43.5 2.0 6.0 1.3 5.8 3.4 18.5 0.739039499084244
43.6 2.0 6.0 1.3 5.8 3.4 18.5 0.739039499084244
43.7 2.0 6.0 1.3 5.8 3.4 18.5 0.739039499084244
43.800000000000004 2.0 6.0 1.3 5.8 3.4 18.5 0.739039499084244
43.900000000000006 2.0 6.0 1.3 5.8 3.4 18.5 0.739039499084244
44.0 2.0 6.0 1.3 5.8 3.4 18.5 0.739039499084244
44.1 2.0 6.0 1.3 5.8 3.4 18.5 0.739039499084244
44.2 2.0 6.0 1.3 5.8 3.4 18.5 0.739039499084244
44.300000000000004 2.0 6.0 1.3 5.8 3.4 18.5 0.739039499084244
44.400000000000006 2.0 6.0 1.3 5.8 3.4 18.5 0.739039499084244
44.5 2.0 6.0 1.3 5.8 3.4 18.5 0.739039499084244
44.6 2.0 6.0 1.3 5.8 3.4 18.5 0.739039499084244
44.7 2.0 6.0 1.3 5.8 3.4 18.5 0.739039499084244
44.800000000000004 2.0 6.0 1.3 5.8 3.4 18.5 0.739039499084244
44.900000000000006 2.0 6.0 1.3 5.8 3.4 18.5 0.739039499084244
45.0 2.0 6.0 1.3 5.8 3.4 18.5 0.739039499084244
45.1 2.0 6.0 1.3 5.8 3.4 18.5 0.739039499084244
45.2 2.0 6.0 1.3 5.8 3.4 18.5 0.739039499084244
45.300000000000004 2.0 6.0 1.3 5.8 3.4 18.5 0.739039499084244
45.400000000000006 2.0 6.0 1.3 5.8 3.4 18.5 0.739039499084244
45.5 2.0 6.0 1.3 5.8 3.4 18.5 0.739039499084244
45.6 2.0 6.0 1.3 5.8 3.4 18.5 0.739039499084244
45.7 2.0 6.0 1.3 5.8 3.4 18.5 0.739039499084244
45.800000000000004 2.0 6.0 1.3 5.8 3.4 18.5 0.739039499084244
45.900000000000006 2.0 6.0 1.3 5.8 3.4 18.5 0.739039499084244
46.0 2.0 6.0 1.3 5.8 3.4 18.5 0.739039499084244
46.1 2.0 6.0 1.3 5.8 3.4 18.5 0.739039499084244
46.2 2.0 6.0 1.3 5.8 3.4 18.5 0.739039499084244
46.300000000000004 2.0 6.0 1.3 5.8 3.4 18.5 0.739039499084244
46.400000000000006 2.0 6.0 1.3 5.8 3.4 18.5 0.739039499084244
46.5 2.0 6.0 1.3 5.8 3.4 18.5 0.739039499084244
46.6 2.0 6.0 1.3 5.8 3.3 18.4 0.73651394881775
46.7 2.0 6.0 1.3 5.8 3.3 18.4 0.73651394881775
46.800000000000004 2.0 6.0 1.3 5.8 3.3 18.4 0.73651394881775
46.900000000000006 1.9 6.1 1.3 5.8 3.3 18.4 0.7342504431588488
47.0 1.9 6.1 1.3 5.8 3.3 18.4 0.7342504431588488
47.1 1.9 6.1 1.3 5.8 3.3 18.4 0.7342504431588488
47.2 1.9 6.1 1.3 5.8 3.3 18.4 0.7342504431588488
47.300000000000004 1.9 6.1 1.3 5.8 3.3 18.4 0.7342504431588488
47.400000000000006 1.9 6.1 1.3 5.8 3.3 18.4 0.7342504431588488
47.5 1.9 6.1 1.3 5.8 3.3 18.4 0.7342504431588488
47.6 1.9 6.1 1.3 5.8 3.3 18.4 0.7342504431588488
47.7 1.9 6.1 1.3 5.8 3.3 18.4 0.7342504431588488
47.800000000000004 1.9 6.1 1.3 5.8 3.3 18.4 0.7342504431588488
47.900000000000006 1.9 6.1 1.3 5.8 3.3 18.4 0.7342504431588488
48.0 1.9 6.1 1.3 5.8 3.3 18.4 0.7342504431588488
48.1 1.9 6.1 1.3 5.8 3.3 18.4 0.7342504431588488
48.2 1.9 6.1 1.3 5.8 3.3 18.4 0.7342504431588488
48.300000000000004 1.9 6.1 1.3 5.8 3.3 18.4 0.7342504431588488
48.400000000000006 1.9 6.1 1.3 5.8 3.3 18.4 0.7342504431588488
48.5 1.9 6.1 1.3 5.8 3.3 18.4 0.7342504431588488
48.6 1.9 6.1 1.3 5.8 3.3 18.4 0.7342504431588488
48.7 1.9 6.1 1.3 5.8 3.3 18.4 0.7342504431588488
48.800000000000004 1.9 6.1 1.3 5.8 3.3 18.4 0.7342504431588488
48.900000000000006 1.9 6.1 1.3 5.8 3.3 18.4 0.7342504431588488
49.0 1.9 6.1 1.3 5.8 3.3 18.4 0.7342504431588488
49.1 1.9 6.1 1.3 5.8 3.3 18.4 0.7342504431588488
49.2 1.9 6.1 1.3 5.9 3.3 18.5 0.7361159151624946
49.300000000000004 1.9 6.1 1.3 5.9 3.3 18.5 0.7361159151624946
49.400000000000006 1.9 6.1 1.3 5.9 3.3 18.5 0.7361159151624946
49.5 1.9 6.1 1.3 5.9 3.3 18.5 0.7361159151624946
49.6 1.9 6.1 1.3 5.9 3.3 18.5 0.7361159151624946
49.7 1.9 6.1 1.3 5.9 3.4 18.6 0.7388235925914949
49.800000000000004 1.9 6.1 1.3 5.9 3.4 18.6 0.7388235925914949
49.900000000000006 1.9 6.1 1.3 5.9 3.4 18.6 0.7388235925914949
50.0 1.9 6.1 1.3 5.9 3.4 18.6 0.7388235925914949
50.1 1.9 6.1 1.3 5.9 3.4 18.6 0.7388235925914949
50.2 1.9 6.1 1.3 5.9 3.4 18.6 0.7388235925914949
50.300000000000004 1.9 6.1 1.3 5.9 3.4 18.6 0.7388235925914949
50.400000000000006 1.9 6.1 1.3 5.9 3.4 18.6 0.7388235925914949
50.5 1.9 6.1 1.3 5.9 3.4 18.6 0.7388235925914949
50.6 1.9 6.1 1.3 5.9 3.4 18.6 0.7388235925914949
50.7 1.9 6.1 1.3 5.9 3.4 18.6 0.7388235925914949
50.800000000000004 1.9 6.1 1.3 5.9 3.4 18.6 0.7388235925914949
50.900000000000006 1.9 6.1 1.3 5.9 3.4 18.6 0.7388235925914949
51.0 1.9 6.1 1.3 5.9 3.4 18.6 0.7388235925914949
51.1 1.9 6.1 1.3 5.9 3.4 18.6 0.7388235925914949
51.2 1.9 6.1 1.3 5.9 3.4 18.6 0.7388235925914949
51.300000000000004 1.9 6.1 1.3 5.9 3.4 18.6 0.7388235925914949
51.400000000000006 1.9 6.1 1.3 5.9 3.4 18.6 0.7388235925914949
51.5 1.9 6.1 1.3 5.9 3.4 18.6 0.7388235925914949
51.6 1.9 6.1 1.3 5.9 3.4 18.6 0.7388235925914949
51.7 1.9 6.1 1.3 5.9 3.4 18.6 0.7388235925914949
51.800000000000004 1.9 6.1 1.3 5.9 3.4 18.6 0.7388235925914949
51.900000000000006 1.9 6.1 1.3 5.9 3.4 18.6 0.7388235925914949
52.0 1.9 6.1 1.3 5.9 3.4 18.6 0.7388235925914949
52.1 1.9 6.1 1.3 5.9 3.4 18.6 0.7388235925914949
52.2 1.9 6.1 1.3 5.9 3.4 18.6 0.7388235925914949
52.300000000000004 1.9 6.1 1.3 5.9 3.4 18.6 0.7388235925914949
52.400000000000006 1.9 6.1 1.3 5.9 3.4 18.6 0.7388235925914949
52.5 1.9 6.2 1.3 5.9 3.4 18.7 0.7408227683057296
52.6 1.9 6.2 1.3 5.9 3.4 18.7 0.7408227683057296
52.7 1.9 6.2 1.3 5.9 3.4 18.7 0.7408227683057296
52.800000000000004 1.9 6.2 1.3 5.9 3.4 18.7 0.7408227683057296
52.900000000000006 1.9 6.2 1.3 5.9 3.4 18.7 0.7408227683057296
53.0 1.9 6.2 1.3 5.9 3.4 18.7 0.7408227683057296
53.1 1.9 6.2 1.3 5.9 3.4 18.7 0.7408227683057296
53.2 1.9 6.2 1.3 5.9 3.4 18.7 0.7408227683057296
53.300000000000004 1.9 6.2 1.3 5.9 3.4 18.7 0.7408227683057296
53.400000000000006 1.9 6.2 1.3 5.9 3.4 18.7 0.7408227683057296
53.5 1.9 6.2 1.3 5.9 3.4 18.7 0.7408227683057296
53.6 1.9 6.2 1.3 5.9 3.4 18.7 0.7408227683057296
53.7 1.9 6.2 1.3 5.9 3.4 18.7 0.7408227683057296
53.800000000000004 1.9 6.2 1.3 5.9 3.4 18.7 0.7408227683057296
53.900000000000006 1.9 6.2 1.3 5.9 3.4 18.7 0.7408227683057296
54.0 1.9 6.2 1.3 5.9 3.4 18.7 0.7408227683057296
54.1 1.9 6.2 1.3 5.9 3.4 18.7 0.7408227683057296
54.2 1.9 6.2 1.3 5.9 3.4 18.7 0.7408227683057296
54.300000000000004 1.9 6.2 1.3 5.9 3.4 18.7 0.7408227683057296
54.400000000000006 1.9 6.2 1.3 5.9 3.4 18.7 0.7408227683057296
54.5 1.9 6.2 1.3 5.9 3.4 18.7 0.7408227683057296
54.6 1.9 6.2 1.3 5.9 3.4 18.7 0.7408227683057296
54.7 1.9 6.2 1.3 5.9 3.4 18.7 0.7408227683057296
54.800000000000004 1.9 6.2 1.3 5.9 3.4 18.7 0.7408227683057296
54.900000000000006 1.9 6.2 1.3 5.9 3.4 18.7 0.7408227683057296
55.0 1.9 6.2 1.3 5.9 3.4 18.7 0.7408227683057296
55.1 1.9 6.2 1.3 5.9 3.4 18.7 0.7408227683057296
55.2 1.9 6.2 1.3 5.9 3.4 18.7 0.7408227683057296
55.300000000000004 1.9 6.2 1.3 5.9 3.4 18.7 0.7408227683057296
55.400000000000006 1.9 6.2 1.3 5.9 3.4 18.7 0.7408227683057296
55.5 1.9 6.2 1.3 5.9 3.4 18.7 0.7408227683057296
55.6 1.9 6.2 1.3 5.9 3.4 18.7 0.7408227683057296
55.7 1.9 6.2 1.3 5.9 3.4 18.7 0.7408227683057296
55.800000000000004 1.9 6.2 1.3 5.9 3.4 18.7 0.7408227683057296
55.900000000000006 1.9 6.2 1.3 5.9 3.4 18.7 0.7408227683057296
56.0 1.9 6.2 1.3 5.9 3.4 18.7 0.7408227683057296
56.1 1.9 6.2 1.3 5.9 3.4 18.7 0.7408227683057296
56.2 1.9 6.2 1.3 5.9 3.4 18.7 0.7408227683057296
56.300000000000004 1.9 6.2 1.3 5.9 3.4 18.7 0.7408227683057296
56.400000000000006 1.9 6.2 1.3 5.9 3.4 18.7 0.7408227683057296
56.5 1.9 6.2 1.3 5.9 3.4 18.7 0.7408227683057296
56.6 1.9 6.1 1.3 5.9 3.5 18.7 0.7407048299989006
56.7 1.9 6.1 1.3 5.9 3.5 18.7 0.7407048299989006
56.800000000000004 1.9 6.2 1.3 5.9 3.5 18.8 0.7432020543204902
56.900000000000006 1.9 6.2 1.3 5.9 3.5 18.8 0.7432020543204902
57.0 1.9 6.2 1.3 5.9 3.5 18.8 0.7432020543204902
57.1 1.9 6.3 1.3 5.9 3.5 18.9 0.7451078872444136
57.2 1.9 6.3 1.3 5.9 3.5 18.9 0.7451078872444136
57.300000000000004 1.9 6.3 1.3 5.9 3.5 18.9 0.7451078872444136
57.400000000000006 1.9 6.3 1.3 5.9 3.5 18.9 0.7451078872444136
57.5 1.9 6.3 1.3 5.9 3.5 18.9 0.7451078872444136
57.6 1.9 6.3 1.3 5.9 3.5 18.9 0.7451078872444136
57.7 1.9 6.3 1.3 5.9 3.5 18.9 0.7451078872444136
57.800000000000004 1.9 6.3 1.3 5.9 3.5 18.9 0.7451078872444136
57.900000000000006 1.9 6.3 1.3 5.9 3.5 18.9 0.7451078872444136
58.0 1.9 6.3 1.3 5.9 3.5 18.9 0.7451078872444136
58.1 1.9 6.3 1.3 5.9 3.5 18.9 0.7451078872444136
58.2 1.9 6.3 1.3 5.9 3.5 18.9 0.7451078872444136
58.300000000000004 1.9 6.3 1.3 5.9 3.6 19.0 0.7474208152013404
58.400000000000006 1.9 6.3 1.3 5.9 3.6 19.0 0.7474208152013404
58.5 1.9 6.3 1.3 5.9 3.6 19.0 0.7474208152013404
58.6 1.9 6.3 1.3 5.9 3.6 19.0 0.7474208152013404
58.7 1.9 6.3 1.3 5.9 3.6 19.0 0.7474208152013404
58.800000000000004 1.9 6.3 1.3 5.9 3.6 19.0 0.7474208152013404
58.900000000000006 1.9 6.3 1.3 5.9 3.6 19.0 0.7474208152013404
59.0 1.9 6.3 1.3 5.9 3.6 19.0 0.7474208152013404
59.1 1.9 6.3 1.3 5.9 3.6 19.0 0.7474208152013404
59.2 1.9 6.3 1.3 5.9 3.6 19.0 0.7474208152013404
59.300000000000004 1.9 6.3 1.3 5.9 3.6 19.0 0.7474208152013404
59.400000000000006 1.9 6.3 1.3 5.9 3.6 19.0 0.7474208152013404
59.5 1.9 6.3 1.3 5.9 3.6 19.0 0.7474208152013404
59.6 1.9 6.3 1.3 5.9 3.6 19.0 0.7474208152013404
59.7 1.9 6.3 1.3 5.9 3.6 19.0 0.7474208152013404
59.800000000000004 1.9 6.3 1.3 5.9 3.6 19.0 0.7474208152013404
59.900000000000006 1.9 6.3 1.3 5.9 3.6 19.0 0.7474208152013404
60.0 1.9 6.3 1.3 5.9 3.6 19.0 0.7474208152013404
